529,20
0.0434783,0.0434783,0.0434783,0.0434783,0.0434783,0.0434783,0.0434783,0.0434783,0.0434783,0.0434783,0.0434783,0.0434783,0.0434783,0.0434783,0.0434783,0.0434783,0.0434783,0.0434783,0.0434783,0.0434783,
0.0869565,0.0869565,0.0869565,0.0869565,0.0869565,0.0869565,0.0869565,0.0869565,0.0869565,0.0869565,0.0869565,0.0869565,0.0869565,0.0869565,0.0869565,0.0869565,0.0869565,0.0869565,0.0869565,0.0869565,
0.130435,0.130435,0.130435,0.130435,0.130435,0.130435,0.130435,0.130435,0.130435,0.130435,0.130435,0.130435,0.130435,0.130435,0.130435,0.130435,0.130435,0.130435,0.130435,0.130435,
0.173913,0.173913,0.173913,0.173913,0.173913,0.173913,0.173913,0.173913,0.173913,0.173913,0.173913,0.173913,0.173913,0.173913,0.173913,0.173913,0.173913,0.173913,0.173913,0.173913,
0.217391,0.217391,0.217391,0.217391,0.217391,0.217391,0.217391,0.217391,0.217391,0.217391,0.217391,0.217391,0.217391,0.217391,0.217391,0.217391,0.217391,0.217391,0.217391,0.217391,
0.26087,0.26087,0.26087,0.26087,0.26087,0.26087,0.26087,0.26087,0.26087,0.26087,0.26087,0.26087,0.26087,0.26087,0.26087,0.26087,0.26087,0.26087,0.26087,0.26087,
0.304348,0.304348,0.304348,0.304348,0.304348,0.304348,0.304348,0.304348,0.304348,0.304348,0.304348,0.304348,0.304348,0.304348,0.304348,0.304348,0.304348,0.304348,0.304348,0.304348,
0.347826,0.347826,0.347826,0.347826,0.347826,0.347826,0.347826,0.347826,0.347826,0.347826,0.347826,0.347826,0.347826,0.347826,0.347826,0.347826,0.347826,0.347826,0.347826,0.347826,
0.391304,0.391304,0.391304,0.391304,0.391304,0.391304,0.391304,0.391304,0.391304,0.391304,0.391304,0.391304,0.391304,0.391304,0.391304,0.391304,0.391304,0.391304,0.391304,0.391304,
0.434783,0.434783,0.434783,0.434783,0.434783,0.434783,0.434783,0.434783,0.434783,0.434783,0.434783,0.434783,0.434783,0.434783,0.434783,0.434783,0.434783,0.434783,0.434783,0.434783,
0.478261,0.478261,0.478261,0.478261,0.478261,0.478261,0.478261,0.478261,0.478261,0.478261,0.478261,0.478261,0.478261,0.478261,0.478261,0.478261,0.478261,0.478261,0.478261,0.478261,
0.521739,0.521739,0.521739,0.521739,0.521739,0.521739,0.521739,0.521739,0.521739,0.521739,0.521739,0.521739,0.521739,0.521739,0.521739,0.521739,0.521739,0.521739,0.521739,0.521739,
0.565217,0.565217,0.565217,0.565217,0.565217,0.565217,0.565217,0.565217,0.565217,0.565217,0.565217,0.565217,0.565217,0.565217,0.565217,0.565217,0.565217,0.565217,0.565217,0.565217,
0.608696,0.608696,0.608696,0.608696,0.608696,0.608696,0.608696,0.608696,0.608696,0.608696,0.608696,0.608696,0.608696,0.608696,0.608696,0.608696,0.608696,0.608696,0.608696,0.608696,
0.652174,0.652174,0.652174,0.652174,0.652174,0.652174,0.652174,0.652174,0.652174,0.652174,0.652174,0.652174,0.652174,0.652174,0.652174,0.652174,0.652174,0.652174,0.652174,0.652174,
0.695652,0.695652,0.695652,0.695652,0.695652,0.695652,0.695652,0.695652,0.695652,0.695652,0.695652,0.695652,0.695652,0.695652,0.695652,0.695652,0.695652,0.695652,0.695652,0.695652,
0.73913,0.73913,0.73913,0.73913,0.73913,0.73913,0.73913,0.73913,0.73913,0.73913,0.73913,0.73913,0.73913,0.73913,0.73913,0.73913,0.73913,0.73913,0.73913,0.73913,
0.782609,0.782609,0.782609,0.782609,0.782609,0.782609,0.782609,0.782609,0.782609,0.782609,0.782609,0.782609,0.782609,0.782609,0.782609,0.782609,0.782609,0.782609,0.782609,0.782609,
0.826087,0.826087,0.826087,0.826087,0.826087,0.826087,0.826087,0.826087,0.826087,0.826087,0.826087,0.826087,0.826087,0.826087,0.826087,0.826087,0.826087,0.826087,0.826087,0.826087,
0.869565,0.869565,0.869565,0.869565,0.869565,0.869565,0.869565,0.869565,0.869565,0.869565,0.869565,0.869565,0.869565,0.869565,0.869565,0.869565,0.869565,0.869565,0.869565,0.869565,
0.913043,0.913043,0.913043,0.913043,0.913043,0.913043,0.913043,0.913043,0.913043,0.913043,0.913043,0.913043,0.913043,0.913043,0.913043,0.913043,0.913043,0.913043,0.913043,0.913043,
0.956522,0.956522,0.956522,0.956522,0.956522,0.956522,0.956522,0.956522,0.956522,0.956522,0.956522,0.956522,0.956522,0.956522,0.956522,0.956522,0.956522,0.956522,0.956522,0.956522,
0.00189036,0.0453686,0.0888469,0.132325,0.175803,0.219282,0.26276,0.306238,0.349716,0.393195,0.436673,0.480151,0.523629,0.567108,0.610586,0.654064,0.697543,0.741021,0.784499,0.827977,
0.0453686,0.0888469,0.132325,0.175803,0.219282,0.26276,0.306238,0.349716,0.393195,0.436673,0.480151,0.523629,0.567108,0.610586,0.654064,0.697543,0.741021,0.784499,0.827977,0.871456,
0.0888469,0.132325,0.175803,0.219282,0.26276,0.306238,0.349716,0.393195,0.436673,0.480151,0.523629,0.567108,0.610586,0.654064,0.697543,0.741021,0.784499,0.827977,0.871456,0.914934,
0.132325,0.175803,0.219282,0.26276,0.306238,0.349716,0.393195,0.436673,0.480151,0.523629,0.567108,0.610586,0.654064,0.697543,0.741021,0.784499,0.827977,0.871456,0.914934,0.958412,
0.175803,0.219282,0.26276,0.306238,0.349716,0.393195,0.436673,0.480151,0.523629,0.567108,0.610586,0.654064,0.697543,0.741021,0.784499,0.827977,0.871456,0.914934,0.958412,0.00189036,
0.219282,0.26276,0.306238,0.349716,0.393195,0.436673,0.480151,0.523629,0.567108,0.610586,0.654064,0.697543,0.741021,0.784499,0.827977,0.871456,0.914934,0.958412,0.00189036,0.0453686,
0.26276,0.306238,0.349716,0.393195,0.436673,0.480151,0.523629,0.567108,0.610586,0.654064,0.697543,0.741021,0.784499,0.827977,0.871456,0.914934,0.958412,0.00189036,0.0453686,0.0888469,
0.306238,0.349716,0.393195,0.436673,0.480151,0.523629,0.567108,0.610586,0.654064,0.697543,0.741021,0.784499,0.827977,0.871456,0.914934,0.958412,0.00189036,0.0453686,0.0888469,0.132325,
0.349716,0.393195,0.436673,0.480151,0.523629,0.567108,0.610586,0.654064,0.697543,0.741021,0.784499,0.827977,0.871456,0.914934,0.958412,0.00189036,0.0453686,0.0888469,0.132325,0.175803,
0.393195,0.436673,0.480151,0.523629,0.567108,0.610586,0.654064,0.697543,0.741021,0.784499,0.827977,0.871456,0.914934,0.958412,0.00189036,0.0453686,0.0888469,0.132325,0.175803,0.219282,
0.436673,0.480151,0.523629,0.567108,0.610586,0.654064,0.697543,0.741021,0.784499,0.827977,0.871456,0.914934,0.958412,0.00189036,0.0453686,0.0888469,0.132325,0.175803,0.219282,0.26276,
0.480151,0.523629,0.567108,0.610586,0.654064,0.697543,0.741021,0.784499,0.827977,0.871456,0.914934,0.958412,0.00189036,0.0453686,0.0888469,0.132325,0.175803,0.219282,0.26276,0.306238,
0.523629,0.567108,0.610586,0.654064,0.697543,0.741021,0.784499,0.827977,0.871456,0.914934,0.958412,0.00189036,0.0453686,0.0888469,0.132325,0.175803,0.219282,0.26276,0.306238,0.349716,
0.567108,0.610586,0.654064,0.697543,0.741021,0.784499,0.827977,0.871456,0.914934,0.958412,0.00189036,0.0453686,0.0888469,0.132325,0.175803,0.219282,0.26276,0.306238,0.349716,0.393195,
0.610586,0.654064,0.697543,0.741021,0.784499,0.827977,0.871456,0.914934,0.958412,0.00189036,0.0453686,0.0888469,0.132325,0.175803,0.219282,0.26276,0.306238,0.349716,0.393195,0.436673,
0.654064,0.697543,0.741021,0.784499,0.827977,0.871456,0.914934,0.958412,0.00189036,0.0453686,0.0888469,0.132325,0.175803,0.219282,0.26276,0.306238,0.349716,0.393195,0.436673,0.480151,
0.697543,0.741021,0.784499,0.827977,0.871456,0.914934,0.958412,0.00189036,0.0453686,0.0888469,0.132325,0.175803,0.219282,0.26276,0.306238,0.349716,0.393195,0.436673,0.480151,0.523629,
0.741021,0.784499,0.827977,0.871456,0.914934,0.958412,0.00189036,0.0453686,0.0888469,0.132325,0.175803,0.219282,0.26276,0.306238,0.349716,0.393195,0.436673,0.480151,0.523629,0.567108,
0.784499,0.827977,0.871456,0.914934,0.958412,0.00189036,0.0453686,0.0888469,0.132325,0.175803,0.219282,0.26276,0.306238,0.349716,0.393195,0.436673,0.480151,0.523629,0.567108,0.610586,
0.827977,0.871456,0.914934,0.958412,0.00189036,0.0453686,0.0888469,0.132325,0.175803,0.219282,0.26276,0.306238,0.349716,0.393195,0.436673,0.480151,0.523629,0.567108,0.610586,0.654064,
0.871456,0.914934,0.958412,0.00189036,0.0453686,0.0888469,0.132325,0.175803,0.219282,0.26276,0.306238,0.349716,0.393195,0.436673,0.480151,0.523629,0.567108,0.610586,0.654064,0.697543,
0.914934,0.958412,0.00189036,0.0453686,0.0888469,0.132325,0.175803,0.219282,0.26276,0.306238,0.349716,0.393195,0.436673,0.480151,0.523629,0.567108,0.610586,0.654064,0.697543,0.741021,
0.958412,0.00189036,0.0453686,0.0888469,0.132325,0.175803,0.219282,0.26276,0.306238,0.349716,0.393195,0.436673,0.480151,0.523629,0.567108,0.610586,0.654064,0.697543,0.741021,0.784499,
0.00378072,0.0907372,0.177694,0.26465,0.351607,0.438563,0.52552,0.612476,0.699433,0.786389,0.873346,0.960302,0.047259,0.134216,0.221172,0.308129,0.395085,0.482042,0.568998,0.655955,
0.047259,0.134216,0.221172,0.308129,0.395085,0.482042,0.568998,0.655955,0.742911,0.829868,0.916824,0.00378072,0.0907372,0.177694,0.26465,0.351607,0.438563,0.52552,0.612476,0.699433,
0.0907372,0.177694,0.26465,0.351607,0.438563,0.52552,0.612476,0.699433,0.786389,0.873346,0.960302,0.047259,0.134216,0.221172,0.308129,0.395085,0.482042,0.568998,0.655955,0.742911,
0.134216,0.221172,0.308129,0.395085,0.482042,0.568998,0.655955,0.742911,0.829868,0.916824,0.00378072,0.0907372,0.177694,0.26465,0.351607,0.438563,0.52552,0.612476,0.699433,0.786389,
0.177694,0.26465,0.351607,0.438563,0.52552,0.612476,0.699433,0.786389,0.873346,0.960302,0.047259,0.134216,0.221172,0.308129,0.395085,0.482042,0.568998,0.655955,0.742911,0.829868,
0.221172,0.308129,0.395085,0.482042,0.568998,0.655955,0.742911,0.829868,0.916824,0.00378072,0.0907372,0.177694,0.26465,0.351607,0.438563,0.52552,0.612476,0.699433,0.786389,0.873346,
0.26465,0.351607,0.438563,0.52552,0.612476,0.699433,0.786389,0.873346,0.960302,0.047259,0.134216,0.221172,0.308129,0.395085,0.482042,0.568998,0.655955,0.742911,0.829868,0.916824,
0.308129,0.395085,0.482042,0.568998,0.655955,0.742911,0.829868,0.916824,0.00378072,0.0907372,0.177694,0.26465,0.351607,0.438563,0.52552,0.612476,0.699433,0.786389,0.873346,0.960302,
0.351607,0.438563,0.52552,0.612476,0.699433,0.786389,0.873346,0.960302,0.047259,0.134216,0.221172,0.308129,0.395085,0.482042,0.568998,0.655955,0.742911,0.829868,0.916824,0.00378072,
0.395085,0.482042,0.568998,0.655955,0.742911,0.829868,0.916824,0.00378072,0.0907372,0.177694,0.26465,0.351607,0.438563,0.52552,0.612476,0.699433,0.786389,0.873346,0.960302,0.047259,
0.438563,0.52552,0.612476,0.699433,0.786389,0.873346,0.960302,0.047259,0.134216,0.221172,0.308129,0.395085,0.482042,0.568998,0.655955,0.742911,0.829868,0.916824,0.00378072,0.0907372,
0.482042,0.568998,0.655955,0.742911,0.829868,0.916824,0.00378072,0.0907372,0.177694,0.26465,0.351607,0.438563,0.52552,0.612476,0.699433,0.786389,0.873346,0.960302,0.047259,0.134216,
0.52552,0.612476,0.699433,0.786389,0.873346,0.960302,0.047259,0.134216,0.221172,0.308129,0.395085,0.482042,0.568998,0.655955,0.742911,0.829868,0.916824,0.00378072,0.0907372,0.177694,
0.568998,0.655955,0.742911,0.829868,0.916824,0.00378072,0.0907372,0.177694,0.26465,0.351607,0.438563,0.52552,0.612476,0.699433,0.786389,0.873346,0.960302,0.047259,0.134216,0.221172,
0.612476,0.699433,0.786389,0.873346,0.960302,0.047259,0.134216,0.221172,0.308129,0.395085,0.482042,0.568998,0.655955,0.742911,0.829868,0.916824,0.00378072,0.0907372,0.177694,0.26465,
0.655955,0.742911,0.829868,0.916824,0.00378072,0.0907372,0.177694,0.26465,0.351607,0.438563,0.52552,0.612476,0.699433,0.786389,0.873346,0.960302,0.047259,0.134216,0.221172,0.308129,
0.699433,0.786389,0.873346,0.960302,0.047259,0.134216,0.221172,0.308129,0.395085,0.482042,0.568998,0.655955,0.742911,0.829868,0.916824,0.00378072,0.0907372,0.177694,0.26465,0.351607,
0.742911,0.829868,0.916824,0.00378072,0.0907372,0.177694,0.26465,0.351607,0.438563,0.52552,0.612476,0.699433,0.786389,0.873346,0.960302,0.047259,0.134216,0.221172,0.308129,0.395085,
0.786389,0.873346,0.960302,0.047259,0.134216,0.221172,0.308129,0.395085,0.482042,0.568998,0.655955,0.742911,0.829868,0.916824,0.00378072,0.0907372,0.177694,0.26465,0.351607,0.438563,
0.829868,0.916824,0.00378072,0.0907372,0.177694,0.26465,0.351607,0.438563,0.52552,0.612476,0.699433,0.786389,0.873346,0.960302,0.047259,0.134216,0.221172,0.308129,0.395085,0.482042,
0.873346,0.960302,0.047259,0.134216,0.221172,0.308129,0.395085,0.482042,0.568998,0.655955,0.742911,0.829868,0.916824,0.00378072,0.0907372,0.177694,0.26465,0.351607,0.438563,0.52552,
0.916824,0.00378072,0.0907372,0.177694,0.26465,0.351607,0.438563,0.52552,0.612476,0.699433,0.786389,0.873346,0.960302,0.047259,0.134216,0.221172,0.308129,0.395085,0.482042,0.568998,
0.960302,0.047259,0.134216,0.221172,0.308129,0.395085,0.482042,0.568998,0.655955,0.742911,0.829868,0.916824,0.00378072,0.0907372,0.177694,0.26465,0.351607,0.438563,0.52552,0.612476,
0.00567108,0.136106,0.266541,0.396975,0.52741,0.657845,0.78828,0.918715,0.0491493,0.179584,0.310019,0.440454,0.570888,0.701323,0.831758,0.962193,0.0926276,0.223062,0.353497,0.483932,
0.0491493,0.179584,0.310019,0.440454,0.570888,0.701323,0.831758,0.962193,0.0926276,0.223062,0.353497,0.483932,0.614367,0.744802,0.875236,0.00567108,0.136106,0.266541,0.396975,0.52741,
0.0926276,0.223062,0.353497,0.483932,0.614367,0.744802,0.875236,0.00567108,0.136106,0.266541,0.396975,0.52741,0.657845,0.78828,0.918715,0.0491493,0.179584,0.310019,0.440454,0.570888,
0.136106,0.266541,0.396975,0.52741,0.657845,0.78828,0.918715,0.0491493,0.179584,0.310019,0.440454,0.570888,0.701323,0.831758,0.962193,0.0926276,0.223062,0.353497,0.483932,0.614367,
0.179584,0.310019,0.440454,0.570888,0.701323,0.831758,0.962193,0.0926276,0.223062,0.353497,0.483932,0.614367,0.744802,0.875236,0.00567108,0.136106,0.266541,0.396975,0.52741,0.657845,
0.223062,0.353497,0.483932,0.614367,0.744802,0.875236,0.00567108,0.136106,0.266541,0.396975,0.52741,0.657845,0.78828,0.918715,0.0491493,0.179584,0.310019,0.440454,0.570888,0.701323,
0.266541,0.396975,0.52741,0.657845,0.78828,0.918715,0.0491493,0.179584,0.310019,0.440454,0.570888,0.701323,0.831758,0.962193,0.0926276,0.223062,0.353497,0.483932,0.614367,0.744802,
0.310019,0.440454,0.570888,0.701323,0.831758,0.962193,0.0926276,0.223062,0.353497,0.483932,0.614367,0.744802,0.875236,0.00567108,0.136106,0.266541,0.396975,0.52741,0.657845,0.78828,
0.353497,0.483932,0.614367,0.744802,0.875236,0.00567108,0.136106,0.266541,0.396975,0.52741,0.657845,0.78828,0.918715,0.0491493,0.179584,0.310019,0.440454,0.570888,0.701323,0.831758,
0.396975,0.52741,0.657845,0.78828,0.918715,0.0491493,0.179584,0.310019,0.440454,0.570888,0.701323,0.831758,0.962193,0.0926276,0.223062,0.353497,0.483932,0.614367,0.744802,0.875236,
0.440454,0.570888,0.701323,0.831758,0.962193,0.0926276,0.223062,0.353497,0.483932,0.614367,0.744802,0.875236,0.00567108,0.136106,0.266541,0.396975,0.52741,0.657845,0.78828,0.918715,
0.483932,0.614367,0.744802,0.875236,0.00567108,0.136106,0.266541,0.396975,0.52741,0.657845,0.78828,0.918715,0.0491493,0.179584,0.310019,0.440454,0.570888,0.701323,0.831758,0.962193,
0.52741,0.657845,0.78828,0.918715,0.0491493,0.179584,0.310019,0.440454,0.570888,0.701323,0.831758,0.962193,0.0926276,0.223062,0.353497,0.483932,0.614367,0.744802,0.875236,0.00567108,
0.570888,0.701323,0.831758,0.962193,0.0926276,0.223062,0.353497,0.483932,0.614367,0.744802,0.875236,0.00567108,0.136106,0.266541,0.396975,0.52741,0.657845,0.78828,0.918715,0.0491493,
0.614367,0.744802,0.875236,0.00567108,0.136106,0.266541,0.396975,0.52741,0.657845,0.78828,0.918715,0.0491493,0.179584,0.310019,0.440454,0.570888,0.701323,0.831758,0.962193,0.0926276,
0.657845,0.78828,0.918715,0.0491493,0.179584,0.310019,0.440454,0.570888,0.701323,0.831758,0.962193,0.0926276,0.223062,0.353497,0.483932,0.614367,0.744802,0.875236,0.00567108,0.136106,
0.701323,0.831758,0.962193,0.0926276,0.223062,0.353497,0.483932,0.614367,0.744802,0.875236,0.00567108,0.136106,0.266541,0.396975,0.52741,0.657845,0.78828,0.918715,0.0491493,0.179584,
0.744802,0.875236,0.00567108,0.136106,0.266541,0.396975,0.52741,0.657845,0.78828,0.918715,0.0491493,0.179584,0.310019,0.440454,0.570888,0.701323,0.831758,0.962193,0.0926276,0.223062,
0.78828,0.918715,0.0491493,0.179584,0.310019,0.440454,0.570888,0.701323,0.831758,0.962193,0.0926276,0.223062,0.353497,0.483932,0.614367,0.744802,0.875236,0.00567108,0.136106,0.266541,
0.831758,0.962193,0.0926276,0.223062,0.353497,0.483932,0.614367,0.744802,0.875236,0.00567108,0.136106,0.266541,0.396975,0.52741,0.657845,0.78828,0.918715,0.0491493,0.179584,0.310019,
0.875236,0.00567108,0.136106,0.266541,0.396975,0.52741,0.657845,0.78828,0.918715,0.0491493,0.179584,0.310019,0.440454,0.570888,0.701323,0.831758,0.962193,0.0926276,0.223062,0.353497,
0.918715,0.0491493,0.179584,0.310019,0.440454,0.570888,0.701323,0.831758,0.962193,0.0926276,0.223062,0.353497,0.483932,0.614367,0.744802,0.875236,0.00567108,0.136106,0.266541,0.396975,
0.962193,0.0926276,0.223062,0.353497,0.483932,0.614367,0.744802,0.875236,0.00567108,0.136106,0.266541,0.396975,0.52741,0.657845,0.78828,0.918715,0.0491493,0.179584,0.310019,0.440454,
0.00756144,0.181474,0.355388,0.529301,0.703214,0.877127,0.0510397,0.224953,0.398866,0.572779,0.746692,0.920605,0.094518,0.268431,0.442344,0.616257,0.79017,0.964083,0.137996,0.311909,
0.0510397,0.224953,0.398866,0.572779,0.746692,0.920605,0.094518,0.268431,0.442344,0.616257,0.79017,0.964083,0.137996,0.311909,0.485822,0.659735,0.833648,0.00756144,0.181474,0.355388,
0.094518,0.268431,0.442344,0.616257,0.79017,0.964083,0.137996,0.311909,0.485822,0.659735,0.833648,0.00756144,0.181474,0.355388,0.529301,0.703214,0.877127,0.0510397,0.224953,0.398866,
0.137996,0.311909,0.485822,0.659735,0.833648,0.00756144,0.181474,0.355388,0.529301,0.703214,0.877127,0.0510397,0.224953,0.398866,0.572779,0.746692,0.920605,0.094518,0.268431,0.442344,
0.181474,0.355388,0.529301,0.703214,0.877127,0.0510397,0.224953,0.398866,0.572779,0.746692,0.920605,0.094518,0.268431,0.442344,0.616257,0.79017,0.964083,0.137996,0.311909,0.485822,
0.224953,0.398866,0.572779,0.746692,0.920605,0.094518,0.268431,0.442344,0.616257,0.79017,0.964083,0.137996,0.311909,0.485822,0.659735,0.833648,0.00756144,0.181474,0.355388,0.529301,
0.268431,0.442344,0.616257,0.79017,0.964083,0.137996,0.311909,0.485822,0.659735,0.833648,0.00756144,0.181474,0.355388,0.529301,0.703214,0.877127,0.0510397,0.224953,0.398866,0.572779,
0.311909,0.485822,0.659735,0.833648,0.00756144,0.181474,0.355388,0.529301,0.703214,0.877127,0.0510397,0.224953,0.398866,0.572779,0.746692,0.920605,0.094518,0.268431,0.442344,0.616257,
0.355388,0.529301,0.703214,0.877127,0.0510397,0.224953,0.398866,0.572779,0.746692,0.920605,0.094518,0.268431,0.442344,0.616257,0.79017,0.964083,0.137996,0.311909,0.485822,0.659735,
0.398866,0.572779,0.746692,0.920605,0.094518,0.268431,0.442344,0.616257,0.79017,0.964083,0.137996,0.311909,0.485822,0.659735,0.833648,0.00756144,0.181474,0.355388,0.529301,0.703214,
0.442344,0.616257,0.79017,0.964083,0.137996,0.311909,0.485822,0.659735,0.833648,0.00756144,0.181474,0.355388,0.529301,0.703214,0.877127,0.0510397,0.224953,0.398866,0.572779,0.746692,
0.485822,0.659735,0.833648,0.00756144,0.181474,0.355388,0.529301,0.703214,0.877127,0.0510397,0.224953,0.398866,0.572779,0.746692,0.920605,0.094518,0.268431,0.442344,0.616257,0.79017,
0.529301,0.703214,0.877127,0.0510397,0.224953,0.398866,0.572779,0.746692,0.920605,0.094518,0.268431,0.442344,0.616257,0.79017,0.964083,0.137996,0.311909,0.485822,0.659735,0.833648,
0.572779,0.746692,0.920605,0.094518,0.268431,0.442344,0.616257,0.79017,0.964083,0.137996,0.311909,0.485822,0.659735,0.833648,0.00756144,0.181474,0.355388,0.529301,0.703214,0.877127,
0.616257,0.79017,0.964083,0.137996,0.311909,0.485822,0.659735,0.833648,0.00756144,0.181474,0.355388,0.529301,0.703214,0.877127,0.0510397,0.224953,0.398866,0.572779,0.746692,0.920605,
0.659735,0.833648,0.00756144,0.181474,0.355388,0.529301,0.703214,0.877127,0.0510397,0.224953,0.398866,0.572779,0.746692,0.920605,0.094518,0.268431,0.442344,0.616257,0.79017,0.964083,
0.703214,0.877127,0.0510397,0.224953,0.398866,0.572779,0.746692,0.920605,0.094518,0.268431,0.442344,0.616257,0.79017,0.964083,0.137996,0.311909,0.485822,0.659735,0.833648,0.00756144,
0.746692,0.920605,0.094518,0.268431,0.442344,0.616257,0.79017,0.964083,0.137996,0.311909,0.485822,0.659735,0.833648,0.00756144,0.181474,0.355388,0.529301,0.703214,0.877127,0.0510397,
0.79017,0.964083,0.137996,0.311909,0.485822,0.659735,0.833648,0.00756144,0.181474,0.355388,0.529301,0.703214,0.877127,0.0510397,0.224953,0.398866,0.572779,0.746692,0.920605,0.094518,
0.833648,0.00756144,0.181474,0.355388,0.529301,0.703214,0.877127,0.0510397,0.224953,0.398866,0.572779,0.746692,0.920605,0.094518,0.268431,0.442344,0.616257,0.79017,0.964083,0.137996,
0.877127,0.0510397,0.224953,0.398866,0.572779,0.746692,0.920605,0.094518,0.268431,0.442344,0.616257,0.79017,0.964083,0.137996,0.311909,0.485822,0.659735,0.833648,0.00756144,0.181474,
0.920605,0.094518,0.268431,0.442344,0.616257,0.79017,0.964083,0.137996,0.311909,0.485822,0.659735,0.833648,0.00756144,0.181474,0.355388,0.529301,0.703214,0.877127,0.0510397,0.224953,
0.964083,0.137996,0.311909,0.485822,0.659735,0.833648,0.00756144,0.181474,0.355388,0.529301,0.703214,0.877127,0.0510397,0.224953,0.398866,0.572779,0.746692,0.920605,0.094518,0.268431,
0.0094518,0.226843,0.444234,0.661626,0.879017,0.0964083,0.3138,0.531191,0.748582,0.965974,0.183365,0.400756,0.618147,0.835539,0.0529301,0.270321,0.487713,0.705104,0.922495,0.139887,
0.0529301,0.270321,0.487713,0.705104,0.922495,0.139887,0.357278,0.574669,0.79206,0.0094518,0.226843,0.444234,0.661626,0.879017,0.0964083,0.3138,0.531191,0.748582,0.965974,0.183365,
0.0964083,0.3138,0.531191,0.748582,0.965974,0.183365,0.400756,0.618147,0.835539,0.0529301,0.270321,0.487713,0.705104,0.922495,0.139887,0.357278,0.574669,0.79206,0.0094518,0.226843,
0.139887,0.357278,0.574669,0.79206,0.0094518,0.226843,0.444234,0.661626,0.879017,0.0964083,0.3138,0.531191,0.748582,0.965974,0.183365,0.400756,0.618147,0.835539,0.0529301,0.270321,
0.183365,0.400756,0.618147,0.835539,0.0529301,0.270321,0.487713,0.705104,0.922495,0.139887,0.357278,0.574669,0.79206,0.0094518,0.226843,0.444234,0.661626,0.879017,0.0964083,0.3138,
0.226843,0.444234,0.661626,0.879017,0.0964083,0.3138,0.531191,0.748582,0.965974,0.183365,0.400756,0.618147,0.835539,0.0529301,0.270321,0.487713,0.705104,0.922495,0.139887,0.357278,
0.270321,0.487713,0.705104,0.922495,0.139887,0.357278,0.574669,0.79206,0.0094518,0.226843,0.444234,0.661626,0.879017,0.0964083,0.3138,0.531191,0.748582,0.965974,0.183365,0.400756,
0.3138,0.531191,0.748582,0.965974,0.183365,0.400756,0.618147,0.835539,0.0529301,0.270321,0.487713,0.705104,0.922495,0.139887,0.357278,0.574669,0.79206,0.0094518,0.226843,0.444234,
0.357278,0.574669,0.79206,0.0094518,0.226843,0.444234,0.661626,0.879017,0.0964083,0.3138,0.531191,0.748582,0.965974,0.183365,0.400756,0.618147,0.835539,0.0529301,0.270321,0.487713,
0.400756,0.618147,0.835539,0.0529301,0.270321,0.487713,0.705104,0.922495,0.139887,0.357278,0.574669,0.79206,0.0094518,0.226843,0.444234,0.661626,0.879017,0.0964083,0.3138,0.531191,
0.444234,0.661626,0.879017,0.0964083,0.3138,0.531191,0.748582,0.965974,0.183365,0.400756,0.618147,0.835539,0.0529301,0.270321,0.487713,0.705104,0.922495,0.139887,0.357278,0.574669,
0.487713,0.705104,0.922495,0.139887,0.357278,0.574669,0.79206,0.0094518,0.226843,0.444234,0.661626,0.879017,0.0964083,0.3138,0.531191,0.748582,0.965974,0.183365,0.400756,0.618147,
0.531191,0.748582,0.965974,0.183365,0.400756,0.618147,0.835539,0.0529301,0.270321,0.487713,0.705104,0.922495,0.139887,0.357278,0.574669,0.79206,0.0094518,0.226843,0.444234,0.661626,
0.574669,0.79206,0.0094518,0.226843,0.444234,0.661626,0.879017,0.0964083,0.3138,0.531191,0.748582,0.965974,0.183365,0.400756,0.618147,0.835539,0.0529301,0.270321,0.487713,0.705104,
0.618147,0.835539,0.0529301,0.270321,0.487713,0.705104,0.922495,0.139887,0.357278,0.574669,0.79206,0.0094518,0.226843,0.444234,0.661626,0.879017,0.0964083,0.3138,0.531191,0.748582,
0.661626,0.879017,0.0964083,0.3138,0.531191,0.748582,0.965974,0.183365,0.400756,0.618147,0.835539,0.0529301,0.270321,0.487713,0.705104,0.922495,0.139887,0.357278,0.574669,0.79206,
0.705104,0.922495,0.139887,0.357278,0.574669,0.79206,0.0094518,0.226843,0.444234,0.661626,0.879017,0.0964083,0.3138,0.531191,0.748582,0.965974,0.183365,0.400756,0.618147,0.835539,
0.748582,0.965974,0.183365,0.400756,0.618147,0.835539,0.0529301,0.270321,0.487713,0.705104,0.922495,0.139887,0.357278,0.574669,0.79206,0.0094518,0.226843,0.444234,0.661626,0.879017,
0.79206,0.0094518,0.226843,0.444234,0.661626,0.879017,0.0964083,0.3138,0.531191,0.748582,0.965974,0.183365,0.400756,0.618147,0.835539,0.0529301,0.270321,0.487713,0.705104,0.922495,
0.835539,0.0529301,0.270321,0.487713,0.705104,0.922495,0.139887,0.357278,0.574669,0.79206,0.0094518,0.226843,0.444234,0.661626,0.879017,0.0964083,0.3138,0.531191,0.748582,0.965974,
0.879017,0.0964083,0.3138,0.531191,0.748582,0.965974,0.183365,0.400756,0.618147,0.835539,0.0529301,0.270321,0.487713,0.705104,0.922495,0.139887,0.357278,0.574669,0.79206,0.0094518,
0.922495,0.139887,0.357278,0.574669,0.79206,0.0094518,0.226843,0.444234,0.661626,0.879017,0.0964083,0.3138,0.531191,0.748582,0.965974,0.183365,0.400756,0.618147,0.835539,0.0529301,
0.965974,0.183365,0.400756,0.618147,0.835539,0.0529301,0.270321,0.487713,0.705104,0.922495,0.139887,0.357278,0.574669,0.79206,0.0094518,0.226843,0.444234,0.661626,0.879017,0.0964083,
0.0113422,0.272212,0.533081,0.793951,0.0548204,0.31569,0.57656,0.837429,0.0982987,0.359168,0.620038,0.880907,0.141777,0.402647,0.663516,0.924386,0.185255,0.446125,0.706994,0.967864,
0.0548204,0.31569,0.57656,0.837429,0.0982987,0.359168,0.620038,0.880907,0.141777,0.402647,0.663516,0.924386,0.185255,0.446125,0.706994,0.967864,0.228733,0.489603,0.750473,0.0113422,
0.0982987,0.359168,0.620038,0.880907,0.141777,0.402647,0.663516,0.924386,0.185255,0.446125,0.706994,0.967864,0.228733,0.489603,0.750473,0.0113422,0.272212,0.533081,0.793951,0.0548204,
0.141777,0.402647,0.663516,0.924386,0.185255,0.446125,0.706994,0.967864,0.228733,0.489603,0.750473,0.0113422,0.272212,0.533081,0.793951,0.0548204,0.31569,0.57656,0.837429,0.0982987,
0.185255,0.446125,0.706994,0.967864,0.228733,0.489603,0.750473,0.0113422,0.272212,0.533081,0.793951,0.0548204,0.31569,0.57656,0.837429,0.0982987,0.359168,0.620038,0.880907,0.141777,
0.228733,0.489603,0.750473,0.0113422,0.272212,0.533081,0.793951,0.0548204,0.31569,0.57656,0.837429,0.0982987,0.359168,0.620038,0.880907,0.141777,0.402647,0.663516,0.924386,0.185255,
0.272212,0.533081,0.793951,0.0548204,0.31569,0.57656,0.837429,0.0982987,0.359168,0.620038,0.880907,0.141777,0.402647,0.663516,0.924386,0.185255,0.446125,0.706994,0.967864,0.228733,
0.31569,0.57656,0.837429,0.0982987,0.359168,0.620038,0.880907,0.141777,0.402647,0.663516,0.924386,0.185255,0.446125,0.706994,0.967864,0.228733,0.489603,0.750473,0.0113422,0.272212,
0.359168,0.620038,0.880907,0.141777,0.402647,0.663516,0.924386,0.185255,0.446125,0.706994,0.967864,0.228733,0.489603,0.750473,0.0113422,0.272212,0.533081,0.793951,0.0548204,0.31569,
0.402647,0.663516,0.924386,0.185255,0.446125,0.706994,0.967864,0.228733,0.489603,0.750473,0.0113422,0.272212,0.533081,0.793951,0.0548204,0.31569,0.57656,0.837429,0.0982987,0.359168,
0.446125,0.706994,0.967864,0.228733,0.489603,0.750473,0.0113422,0.272212,0.533081,0.793951,0.0548204,0.31569,0.57656,0.837429,0.0982987,0.359168,0.620038,0.880907,0.141777,0.402647,
0.489603,0.750473,0.0113422,0.272212,0.533081,0.793951,0.0548204,0.31569,0.57656,0.837429,0.0982987,0.359168,0.620038,0.880907,0.141777,0.402647,0.663516,0.924386,0.185255,0.446125,
0.533081,0.793951,0.0548204,0.31569,0.57656,0.837429,0.0982987,0.359168,0.620038,0.880907,0.141777,0.402647,0.663516,0.924386,0.185255,0.446125,0.706994,0.967864,0.228733,0.489603,
0.57656,0.837429,0.0982987,0.359168,0.620038,0.880907,0.141777,0.402647,0.663516,0.924386,0.185255,0.446125,0.706994,0.967864,0.228733,0.489603,0.750473,0.0113422,0.272212,0.533081,
0.620038,0.880907,0.141777,0.402647,0.663516,0.924386,0.185255,0.446125,0.706994,0.967864,0.228733,0.489603,0.750473,0.0113422,0.272212,0.533081,0.793951,0.0548204,0.31569,0.57656,
0.663516,0.924386,0.185255,0.446125,0.706994,0.967864,0.228733,0.489603,0.750473,0.0113422,0.272212,0.533081,0.793951,0.0548204,0.31569,0.57656,0.837429,0.0982987,0.359168,0.620038,
0.706994,0.967864,0.228733,0.489603,0.750473,0.0113422,0.272212,0.533081,0.793951,0.0548204,0.31569,0.57656,0.837429,0.0982987,0.359168,0.620038,0.880907,0.141777,0.402647,0.663516,
0.750473,0.0113422,0.272212,0.533081,0.793951,0.0548204,0.31569,0.57656,0.837429,0.0982987,0.359168,0.620038,0.880907,0.141777,0.402647,0.663516,0.924386,0.185255,0.446125,0.706994,
0.793951,0.0548204,0.31569,0.57656,0.837429,0.0982987,0.359168,0.620038,0.880907,0.141777,0.402647,0.663516,0.924386,0.185255,0.446125,0.706994,0.967864,0.228733,0.489603,0.750473,
0.837429,0.0982987,0.359168,0.620038,0.880907,0.141777,0.402647,0.663516,0.924386,0.185255,0.446125,0.706994,0.967864,0.228733,0.489603,0.750473,0.0113422,0.272212,0.533081,0.793951,
0.880907,0.141777,0.402647,0.663516,0.924386,0.185255,0.446125,0.706994,0.967864,0.228733,0.489603,0.750473,0.0113422,0.272212,0.533081,0.793951,0.0548204,0.31569,0.57656,0.837429,
0.924386,0.185255,0.446125,0.706994,0.967864,0.228733,0.489603,0.750473,0.0113422,0.272212,0.533081,0.793951,0.0548204,0.31569,0.57656,0.837429,0.0982987,0.359168,0.620038,0.880907,
0.967864,0.228733,0.489603,0.750473,0.0113422,0.272212,0.533081,0.793951,0.0548204,0.31569,0.57656,0.837429,0.0982987,0.359168,0.620038,0.880907,0.141777,0.402647,0.663516,0.924386,
0.0132325,0.31758,0.621928,0.926276,0.230624,0.534972,0.839319,0.143667,0.448015,0.752363,0.0567108,0.361059,0.665406,0.969754,0.274102,0.57845,0.882798,0.187146,0.491493,0.795841,
0.0567108,0.361059,0.665406,0.969754,0.274102,0.57845,0.882798,0.187146,0.491493,0.795841,0.100189,0.404537,0.708885,0.0132325,0.31758,0.621928,0.926276,0.230624,0.534972,0.839319,
0.100189,0.404537,0.708885,0.0132325,0.31758,0.621928,0.926276,0.230624,0.534972,0.839319,0.143667,0.448015,0.752363,0.0567108,0.361059,0.665406,0.969754,0.274102,0.57845,0.882798,
0.143667,0.448015,0.752363,0.0567108,0.361059,0.665406,0.969754,0.274102,0.57845,0.882798,0.187146,0.491493,0.795841,0.100189,0.404537,0.708885,0.0132325,0.31758,0.621928,0.926276,
0.187146,0.491493,0.795841,0.100189,0.404537,0.708885,0.0132325,0.31758,0.621928,0.926276,0.230624,0.534972,0.839319,0.143667,0.448015,0.752363,0.0567108,0.361059,0.665406,0.969754,
0.230624,0.534972,0.839319,0.143667,0.448015,0.752363,0.0567108,0.361059,0.665406,0.969754,0.274102,0.57845,0.882798,0.187146,0.491493,0.795841,0.100189,0.404537,0.708885,0.0132325,
0.274102,0.57845,0.882798,0.187146,0.491493,0.795841,0.100189,0.404537,0.708885,0.0132325,0.31758,0.621928,0.926276,0.230624,0.534972,0.839319,0.143667,0.448015,0.752363,0.0567108,
0.31758,0.621928,0.926276,0.230624,0.534972,0.839319,0.143667,0.448015,0.752363,0.0567108,0.361059,0.665406,0.969754,0.274102,0.57845,0.882798,0.187146,0.491493,0.795841,0.100189,
0.361059,0.665406,0.969754,0.274102,0.57845,0.882798,0.187146,0.491493,0.795841,0.100189,0.404537,0.708885,0.0132325,0.31758,0.621928,0.926276,0.230624,0.534972,0.839319,0.143667,
0.404537,0.708885,0.0132325,0.31758,0.621928,0.926276,0.230624,0.534972,0.839319,0.143667,0.448015,0.752363,0.0567108,0.361059,0.665406,0.969754,0.274102,0.57845,0.882798,0.187146,
0.448015,0.752363,0.0567108,0.361059,0.665406,0.969754,0.274102,0.57845,0.882798,0.187146,0.491493,0.795841,0.100189,0.404537,0.708885,0.0132325,0.31758,0.621928,0.926276,0.230624,
0.491493,0.795841,0.100189,0.404537,0.708885,0.0132325,0.31758,0.621928,0.926276,0.230624,0.534972,0.839319,0.143667,0.448015,0.752363,0.0567108,0.361059,0.665406,0.969754,0.274102,
0.534972,0.839319,0.143667,0.448015,0.752363,0.0567108,0.361059,0.665406,0.969754,0.274102,0.57845,0.882798,0.187146,0.491493,0.795841,0.100189,0.404537,0.708885,0.0132325,0.31758,
0.57845,0.882798,0.187146,0.491493,0.795841,0.100189,0.404537,0.708885,0.0132325,0.31758,0.621928,0.926276,0.230624,0.534972,0.839319,0.143667,0.448015,0.752363,0.0567108,0.361059,
0.621928,0.926276,0.230624,0.534972,0.839319,0.143667,0.448015,0.752363,0.0567108,0.361059,0.665406,0.969754,0.274102,0.57845,0.882798,0.187146,0.491493,0.795841,0.100189,0.404537,
0.665406,0.969754,0.274102,0.57845,0.882798,0.187146,0.491493,0.795841,0.100189,0.404537,0.708885,0.0132325,0.31758,0.621928,0.926276,0.230624,0.534972,0.839319,0.143667,0.448015,
0.708885,0.0132325,0.31758,0.621928,0.926276,0.230624,0.534972,0.839319,0.143667,0.448015,0.752363,0.0567108,0.361059,0.665406,0.969754,0.274102,0.57845,0.882798,0.187146,0.491493,
0.752363,0.0567108,0.361059,0.665406,0.969754,0.274102,0.57845,0.882798,0.187146,0.491493,0.795841,0.100189,0.404537,0.708885,0.0132325,0.31758,0.621928,0.926276,0.230624,0.534972,
0.795841,0.100189,0.404537,0.708885,0.0132325,0.31758,0.621928,0.926276,0.230624,0.534972,0.839319,0.143667,0.448015,0.752363,0.0567108,0.361059,0.665406,0.969754,0.274102,0.57845,
0.839319,0.143667,0.448015,0.752363,0.0567108,0.361059,0.665406,0.969754,0.274102,0.57845,0.882798,0.187146,0.491493,0.795841,0.100189,0.404537,0.708885,0.0132325,0.31758,0.621928,
0.882798,0.187146,0.491493,0.795841,0.100189,0.404537,0.708885,0.0132325,0.31758,0.621928,0.926276,0.230624,0.534972,0.839319,0.143667,0.448015,0.752363,0.0567108,0.361059,0.665406,
0.926276,0.230624,0.534972,0.839319,0.143667,0.448015,0.752363,0.0567108,0.361059,0.665406,0.969754,0.274102,0.57845,0.882798,0.187146,0.491493,0.795841,0.100189,0.404537,0.708885,
0.969754,0.274102,0.57845,0.882798,0.187146,0.491493,0.795841,0.100189,0.404537,0.708885,0.0132325,0.31758,0.621928,0.926276,0.230624,0.534972,0.839319,0.143667,0.448015,0.752363,
0.0151229,0.362949,0.710775,0.0586011,0.406427,0.754253,0.102079,0.449905,0.797732,0.145558,0.493384,0.84121,0.189036,0.536862,0.884688,0.232514,0.58034,0.928166,0.275992,0.623819,
0.0586011,0.406427,0.754253,0.102079,0.449905,0.797732,0.145558,0.493384,0.84121,0.189036,0.536862,0.884688,0.232514,0.58034,0.928166,0.275992,0.623819,0.971645,0.319471,0.667297,
0.102079,0.449905,0.797732,0.145558,0.493384,0.84121,0.189036,0.536862,0.884688,0.232514,0.58034,0.928166,0.275992,0.623819,0.971645,0.319471,0.667297,0.0151229,0.362949,0.710775,
0.145558,0.493384,0.84121,0.189036,0.536862,0.884688,0.232514,0.58034,0.928166,0.275992,0.623819,0.971645,0.319471,0.667297,0.0151229,0.362949,0.710775,0.0586011,0.406427,0.754253,
0.189036,0.536862,0.884688,0.232514,0.58034,0.928166,0.275992,0.623819,0.971645,0.319471,0.667297,0.0151229,0.362949,0.710775,0.0586011,0.406427,0.754253,0.102079,0.449905,0.797732,
0.232514,0.58034,0.928166,0.275992,0.623819,0.971645,0.319471,0.667297,0.0151229,0.362949,0.710775,0.0586011,0.406427,0.754253,0.102079,0.449905,0.797732,0.145558,0.493384,0.84121,
0.275992,0.623819,0.971645,0.319471,0.667297,0.0151229,0.362949,0.710775,0.0586011,0.406427,0.754253,0.102079,0.449905,0.797732,0.145558,0.493384,0.84121,0.189036,0.536862,0.884688,
0.319471,0.667297,0.0151229,0.362949,0.710775,0.0586011,0.406427,0.754253,0.102079,0.449905,0.797732,0.145558,0.493384,0.84121,0.189036,0.536862,0.884688,0.232514,0.58034,0.928166,
0.362949,0.710775,0.0586011,0.406427,0.754253,0.102079,0.449905,0.797732,0.145558,0.493384,0.84121,0.189036,0.536862,0.884688,0.232514,0.58034,0.928166,0.275992,0.623819,0.971645,
0.406427,0.754253,0.102079,0.449905,0.797732,0.145558,0.493384,0.84121,0.189036,0.536862,0.884688,0.232514,0.58034,0.928166,0.275992,0.623819,0.971645,0.319471,0.667297,0.0151229,
0.449905,0.797732,0.145558,0.493384,0.84121,0.189036,0.536862,0.884688,0.232514,0.58034,0.928166,0.275992,0.623819,0.971645,0.319471,0.667297,0.0151229,0.362949,0.710775,0.0586011,
0.493384,0.84121,0.189036,0.536862,0.884688,0.232514,0.58034,0.928166,0.275992,0.623819,0.971645,0.319471,0.667297,0.0151229,0.362949,0.710775,0.0586011,0.406427,0.754253,0.102079,
0.536862,0.884688,0.232514,0.58034,0.928166,0.275992,0.623819,0.971645,0.319471,0.667297,0.0151229,0.362949,0.710775,0.0586011,0.406427,0.754253,0.102079,0.449905,0.797732,0.145558,
0.58034,0.928166,0.275992,0.623819,0.971645,0.319471,0.667297,0.0151229,0.362949,0.710775,0.0586011,0.406427,0.754253,0.102079,0.449905,0.797732,0.145558,0.493384,0.84121,0.189036,
0.623819,0.971645,0.319471,0.667297,0.0151229,0.362949,0.710775,0.0586011,0.406427,0.754253,0.102079,0.449905,0.797732,0.145558,0.493384,0.84121,0.189036,0.536862,0.884688,0.232514,
0.667297,0.0151229,0.362949,0.710775,0.0586011,0.406427,0.754253,0.102079,0.449905,0.797732,0.145558,0.493384,0.84121,0.189036,0.536862,0.884688,0.232514,0.58034,0.928166,0.275992,
0.710775,0.0586011,0.406427,0.754253,0.102079,0.449905,0.797732,0.145558,0.493384,0.84121,0.189036,0.536862,0.884688,0.232514,0.58034,0.928166,0.275992,0.623819,0.971645,0.319471,
0.754253,0.102079,0.449905,0.797732,0.145558,0.493384,0.84121,0.189036,0.536862,0.884688,0.232514,0.58034,0.928166,0.275992,0.623819,0.971645,0.319471,0.667297,0.0151229,0.362949,
0.797732,0.145558,0.493384,0.84121,0.189036,0.536862,0.884688,0.232514,0.58034,0.928166,0.275992,0.623819,0.971645,0.319471,0.667297,0.0151229,0.362949,0.710775,0.0586011,0.406427,
0.84121,0.189036,0.536862,0.884688,0.232514,0.58034,0.928166,0.275992,0.623819,0.971645,0.319471,0.667297,0.0151229,0.362949,0.710775,0.0586011,0.406427,0.754253,0.102079,0.449905,
0.884688,0.232514,0.58034,0.928166,0.275992,0.623819,0.971645,0.319471,0.667297,0.0151229,0.362949,0.710775,0.0586011,0.406427,0.754253,0.102079,0.449905,0.797732,0.145558,0.493384,
0.928166,0.275992,0.623819,0.971645,0.319471,0.667297,0.0151229,0.362949,0.710775,0.0586011,0.406427,0.754253,0.102079,0.449905,0.797732,0.145558,0.493384,0.84121,0.189036,0.536862,
0.971645,0.319471,0.667297,0.0151229,0.362949,0.710775,0.0586011,0.406427,0.754253,0.102079,0.449905,0.797732,0.145558,0.493384,0.84121,0.189036,0.536862,0.884688,0.232514,0.58034,
0.0170132,0.408318,0.799622,0.190926,0.582231,0.973535,0.364839,0.756144,0.147448,0.538752,0.930057,0.321361,0.712665,0.10397,0.495274,0.886578,0.277883,0.669187,0.0604915,0.451796,
0.0604915,0.451796,0.8431,0.234405,0.625709,0.0170132,0.408318,0.799622,0.190926,0.582231,0.973535,0.364839,0.756144,0.147448,0.538752,0.930057,0.321361,0.712665,0.10397,0.495274,
0.10397,0.495274,0.886578,0.277883,0.669187,0.0604915,0.451796,0.8431,0.234405,0.625709,0.0170132,0.408318,0.799622,0.190926,0.582231,0.973535,0.364839,0.756144,0.147448,0.538752,
0.147448,0.538752,0.930057,0.321361,0.712665,0.10397,0.495274,0.886578,0.277883,0.669187,0.0604915,0.451796,0.8431,0.234405,0.625709,0.0170132,0.408318,0.799622,0.190926,0.582231,
0.190926,0.582231,0.973535,0.364839,0.756144,0.147448,0.538752,0.930057,0.321361,0.712665,0.10397,0.495274,0.886578,0.277883,0.669187,0.0604915,0.451796,0.8431,0.234405,0.625709,
0.234405,0.625709,0.0170132,0.408318,0.799622,0.190926,0.582231,0.973535,0.364839,0.756144,0.147448,0.538752,0.930057,0.321361,0.712665,0.10397,0.495274,0.886578,0.277883,0.669187,
0.277883,0.669187,0.0604915,0.451796,0.8431,0.234405,0.625709,0.0170132,0.408318,0.799622,0.190926,0.582231,0.973535,0.364839,0.756144,0.147448,0.538752,0.930057,0.321361,0.712665,
0.321361,0.712665,0.10397,0.495274,0.886578,0.277883,0.669187,0.0604915,0.451796,0.8431,0.234405,0.625709,0.0170132,0.408318,0.799622,0.190926,0.582231,0.973535,0.364839,0.756144,
0.364839,0.756144,0.147448,0.538752,0.930057,0.321361,0.712665,0.10397,0.495274,0.886578,0.277883,0.669187,0.0604915,0.451796,0.8431,0.234405,0.625709,0.0170132,0.408318,0.799622,
0.408318,0.799622,0.190926,0.582231,0.973535,0.364839,0.756144,0.147448,0.538752,0.930057,0.321361,0.712665,0.10397,0.495274,0.886578,0.277883,0.669187,0.0604915,0.451796,0.8431,
0.451796,0.8431,0.234405,0.625709,0.0170132,0.408318,0.799622,0.190926,0.582231,0.973535,0.364839,0.756144,0.147448,0.538752,0.930057,0.321361,0.712665,0.10397,0.495274,0.886578,
0.495274,0.886578,0.277883,0.669187,0.0604915,0.451796,0.8431,0.234405,0.625709,0.0170132,0.408318,0.799622,0.190926,0.582231,0.973535,0.364839,0.756144,0.147448,0.538752,0.930057,
0.538752,0.930057,0.321361,0.712665,0.10397,0.495274,0.886578,0.277883,0.669187,0.0604915,0.451796,0.8431,0.234405,0.625709,0.0170132,0.408318,0.799622,0.190926,0.582231,0.973535,
0.582231,0.973535,0.364839,0.756144,0.147448,0.538752,0.930057,0.321361,0.712665,0.10397,0.495274,0.886578,0.277883,0.669187,0.0604915,0.451796,0.8431,0.234405,0.625709,0.0170132,
0.625709,0.0170132,0.408318,0.799622,0.190926,0.582231,0.973535,0.364839,0.756144,0.147448,0.538752,0.930057,0.321361,0.712665,0.10397,0.495274,0.886578,0.277883,0.669187,0.0604915,
0.669187,0.0604915,0.451796,0.8431,0.234405,0.625709,0.0170132,0.408318,0.799622,0.190926,0.582231,0.973535,0.364839,0.756144,0.147448,0.538752,0.930057,0.321361,0.712665,0.10397,
0.712665,0.10397,0.495274,0.886578,0.277883,0.669187,0.0604915,0.451796,0.8431,0.234405,0.625709,0.0170132,0.408318,0.799622,0.190926,0.582231,0.973535,0.364839,0.756144,0.147448,
0.756144,0.147448,0.538752,0.930057,0.321361,0.712665,0.10397,0.495274,0.886578,0.277883,0.669187,0.0604915,0.451796,0.8431,0.234405,0.625709,0.0170132,0.408318,0.799622,0.190926,
0.799622,0.190926,0.582231,0.973535,0.364839,0.756144,0.147448,0.538752,0.930057,0.321361,0.712665,0.10397,0.495274,0.886578,0.277883,0.669187,0.0604915,0.451796,0.8431,0.234405,
0.8431,0.234405,0.625709,0.0170132,0.408318,0.799622,0.190926,0.582231,0.973535,0.364839,0.756144,0.147448,0.538752,0.930057,0.321361,0.712665,0.10397,0.495274,0.886578,0.277883,
0.886578,0.277883,0.669187,0.0604915,0.451796,0.8431,0.234405,0.625709,0.0170132,0.408318,0.799622,0.190926,0.582231,0.973535,0.364839,0.756144,0.147448,0.538752,0.930057,0.321361,
0.930057,0.321361,0.712665,0.10397,0.495274,0.886578,0.277883,0.669187,0.0604915,0.451796,0.8431,0.234405,0.625709,0.0170132,0.408318,0.799622,0.190926,0.582231,0.973535,0.364839,
0.973535,0.364839,0.756144,0.147448,0.538752,0.930057,0.321361,0.712665,0.10397,0.495274,0.886578,0.277883,0.669187,0.0604915,0.451796,0.8431,0.234405,0.625709,0.0170132,0.408318,
0.0189036,0.453686,0.888469,0.323251,0.758034,0.192817,0.627599,0.0623819,0.497164,0.931947,0.36673,0.801512,0.236295,0.671078,0.10586,0.540643,0.975425,0.410208,0.844991,0.279773,
0.0623819,0.497164,0.931947,0.36673,0.801512,0.236295,0.671078,0.10586,0.540643,0.975425,0.410208,0.844991,0.279773,0.714556,0.149338,0.584121,0.0189036,0.453686,0.888469,0.323251,
0.10586,0.540643,0.975425,0.410208,0.844991,0.279773,0.714556,0.149338,0.584121,0.0189036,0.453686,0.888469,0.323251,0.758034,0.192817,0.627599,0.0623819,0.497164,0.931947,0.36673,
0.149338,0.584121,0.0189036,0.453686,0.888469,0.323251,0.758034,0.192817,0.627599,0.0623819,0.497164,0.931947,0.36673,0.801512,0.236295,0.671078,0.10586,0.540643,0.975425,0.410208,
0.192817,0.627599,0.0623819,0.497164,0.931947,0.36673,0.801512,0.236295,0.671078,0.10586,0.540643,0.975425,0.410208,0.844991,0.279773,0.714556,0.149338,0.584121,0.0189036,0.453686,
0.236295,0.671078,0.10586,0.540643,0.975425,0.410208,0.844991,0.279773,0.714556,0.149338,0.584121,0.0189036,0.453686,0.888469,0.323251,0.758034,0.192817,0.627599,0.0623819,0.497164,
0.279773,0.714556,0.149338,0.584121,0.0189036,0.453686,0.888469,0.323251,0.758034,0.192817,0.627599,0.0623819,0.497164,0.931947,0.36673,0.801512,0.236295,0.671078,0.10586,0.540643,
0.323251,0.758034,0.192817,0.627599,0.0623819,0.497164,0.931947,0.36673,0.801512,0.236295,0.671078,0.10586,0.540643,0.975425,0.410208,0.844991,0.279773,0.714556,0.149338,0.584121,
0.36673,0.801512,0.236295,0.671078,0.10586,0.540643,0.975425,0.410208,0.844991,0.279773,0.714556,0.149338,0.584121,0.0189036,0.453686,0.888469,0.323251,0.758034,0.192817,0.627599,
0.410208,0.844991,0.279773,0.714556,0.149338,0.584121,0.0189036,0.453686,0.888469,0.323251,0.758034,0.192817,0.627599,0.0623819,0.497164,0.931947,0.36673,0.801512,0.236295,0.671078,
0.453686,0.888469,0.323251,0.758034,0.192817,0.627599,0.0623819,0.497164,0.931947,0.36673,0.801512,0.236295,0.671078,0.10586,0.540643,0.975425,0.410208,0.844991,0.279773,0.714556,
0.497164,0.931947,0.36673,0.801512,0.236295,0.671078,0.10586,0.540643,0.975425,0.410208,0.844991,0.279773,0.714556,0.149338,0.584121,0.0189036,0.453686,0.888469,0.323251,0.758034,
0.540643,0.975425,0.410208,0.844991,0.279773,0.714556,0.149338,0.584121,0.0189036,0.453686,0.888469,0.323251,0.758034,0.192817,0.627599,0.0623819,0.497164,0.931947,0.36673,0.801512,
0.584121,0.0189036,0.453686,0.888469,0.323251,0.758034,0.192817,0.627599,0.0623819,0.497164,0.931947,0.36673,0.801512,0.236295,0.671078,0.10586,0.540643,0.975425,0.410208,0.844991,
0.627599,0.0623819,0.497164,0.931947,0.36673,0.801512,0.236295,0.671078,0.10586,0.540643,0.975425,0.410208,0.844991,0.279773,0.714556,0.149338,0.584121,0.0189036,0.453686,0.888469,
0.671078,0.10586,0.540643,0.975425,0.410208,0.844991,0.279773,0.714556,0.149338,0.584121,0.0189036,0.453686,0.888469,0.323251,0.758034,0.192817,0.627599,0.0623819,0.497164,0.931947,
0.714556,0.149338,0.584121,0.0189036,0.453686,0.888469,0.323251,0.758034,0.192817,0.627599,0.0623819,0.497164,0.931947,0.36673,0.801512,0.236295,0.671078,0.10586,0.540643,0.975425,
0.758034,0.192817,0.627599,0.0623819,0.497164,0.931947,0.36673,0.801512,0.236295,0.671078,0.10586,0.540643,0.975425,0.410208,0.844991,0.279773,0.714556,0.149338,0.584121,0.0189036,
0.801512,0.236295,0.671078,0.10586,0.540643,0.975425,0.410208,0.844991,0.279773,0.714556,0.149338,0.584121,0.0189036,0.453686,0.888469,0.323251,0.758034,0.192817,0.627599,0.0623819,
0.844991,0.279773,0.714556,0.149338,0.584121,0.0189036,0.453686,0.888469,0.323251,0.758034,0.192817,0.627599,0.0623819,0.497164,0.931947,0.36673,0.801512,0.236295,0.671078,0.10586,
0.888469,0.323251,0.758034,0.192817,0.627599,0.0623819,0.497164,0.931947,0.36673,0.801512,0.236295,0.671078,0.10586,0.540643,0.975425,0.410208,0.844991,0.279773,0.714556,0.149338,
0.931947,0.36673,0.801512,0.236295,0.671078,0.10586,0.540643,0.975425,0.410208,0.844991,0.279773,0.714556,0.149338,0.584121,0.0189036,0.453686,0.888469,0.323251,0.758034,0.192817,
0.975425,0.410208,0.844991,0.279773,0.714556,0.149338,0.584121,0.0189036,0.453686,0.888469,0.323251,0.758034,0.192817,0.627599,0.0623819,0.497164,0.931947,0.36673,0.801512,0.236295,
0.020794,0.499055,0.977316,0.455577,0.933837,0.412098,0.890359,0.36862,0.846881,0.325142,0.803403,0.281664,0.759924,0.238185,0.716446,0.194707,0.672968,0.151229,0.62949,0.10775,
0.0642722,0.542533,0.020794,0.499055,0.977316,0.455577,0.933837,0.412098,0.890359,0.36862,0.846881,0.325142,0.803403,0.281664,0.759924,0.238185,0.716446,0.194707,0.672968,0.151229,
0.10775,0.586011,0.0642722,0.542533,0.020794,0.499055,0.977316,0.455577,0.933837,0.412098,0.890359,0.36862,0.846881,0.325142,0.803403,0.281664,0.759924,0.238185,0.716446,0.194707,
0.151229,0.62949,0.10775,0.586011,0.0642722,0.542533,0.020794,0.499055,0.977316,0.455577,0.933837,0.412098,0.890359,0.36862,0.846881,0.325142,0.803403,0.281664,0.759924,0.238185,
0.194707,0.672968,0.151229,0.62949,0.10775,0.586011,0.0642722,0.542533,0.020794,0.499055,0.977316,0.455577,0.933837,0.412098,0.890359,0.36862,0.846881,0.325142,0.803403,0.281664,
0.238185,0.716446,0.194707,0.672968,0.151229,0.62949,0.10775,0.586011,0.0642722,0.542533,0.020794,0.499055,0.977316,0.455577,0.933837,0.412098,0.890359,0.36862,0.846881,0.325142,
0.281664,0.759924,0.238185,0.716446,0.194707,0.672968,0.151229,0.62949,0.10775,0.586011,0.0642722,0.542533,0.020794,0.499055,0.977316,0.455577,0.933837,0.412098,0.890359,0.36862,
0.325142,0.803403,0.281664,0.759924,0.238185,0.716446,0.194707,0.672968,0.151229,0.62949,0.10775,0.586011,0.0642722,0.542533,0.020794,0.499055,0.977316,0.455577,0.933837,0.412098,
0.36862,0.846881,0.325142,0.803403,0.281664,0.759924,0.238185,0.716446,0.194707,0.672968,0.151229,0.62949,0.10775,0.586011,0.0642722,0.542533,0.020794,0.499055,0.977316,0.455577,
0.412098,0.890359,0.36862,0.846881,0.325142,0.803403,0.281664,0.759924,0.238185,0.716446,0.194707,0.672968,0.151229,0.62949,0.10775,0.586011,0.0642722,0.542533,0.020794,0.499055,
0.455577,0.933837,0.412098,0.890359,0.36862,0.846881,0.325142,0.803403,0.281664,0.759924,0.238185,0.716446,0.194707,0.672968,0.151229,0.62949,0.10775,0.586011,0.0642722,0.542533,
0.499055,0.977316,0.455577,0.933837,0.412098,0.890359,0.36862,0.846881,0.325142,0.803403,0.281664,0.759924,0.238185,0.716446,0.194707,0.672968,0.151229,0.62949,0.10775,0.586011,
0.542533,0.020794,0.499055,0.977316,0.455577,0.933837,0.412098,0.890359,0.36862,0.846881,0.325142,0.803403,0.281664,0.759924,0.238185,0.716446,0.194707,0.672968,0.151229,0.62949,
0.586011,0.0642722,0.542533,0.020794,0.499055,0.977316,0.455577,0.933837,0.412098,0.890359,0.36862,0.846881,0.325142,0.803403,0.281664,0.759924,0.238185,0.716446,0.194707,0.672968,
0.62949,0.10775,0.586011,0.0642722,0.542533,0.020794,0.499055,0.977316,0.455577,0.933837,0.412098,0.890359,0.36862,0.846881,0.325142,0.803403,0.281664,0.759924,0.238185,0.716446,
0.672968,0.151229,0.62949,0.10775,0.586011,0.0642722,0.542533,0.020794,0.499055,0.977316,0.455577,0.933837,0.412098,0.890359,0.36862,0.846881,0.325142,0.803403,0.281664,0.759924,
0.716446,0.194707,0.672968,0.151229,0.62949,0.10775,0.586011,0.0642722,0.542533,0.020794,0.499055,0.977316,0.455577,0.933837,0.412098,0.890359,0.36862,0.846881,0.325142,0.803403,
0.759924,0.238185,0.716446,0.194707,0.672968,0.151229,0.62949,0.10775,0.586011,0.0642722,0.542533,0.020794,0.499055,0.977316,0.455577,0.933837,0.412098,0.890359,0.36862,0.846881,
0.803403,0.281664,0.759924,0.238185,0.716446,0.194707,0.672968,0.151229,0.62949,0.10775,0.586011,0.0642722,0.542533,0.020794,0.499055,0.977316,0.455577,0.933837,0.412098,0.890359,
0.846881,0.325142,0.803403,0.281664,0.759924,0.238185,0.716446,0.194707,0.672968,0.151229,0.62949,0.10775,0.586011,0.0642722,0.542533,0.020794,0.499055,0.977316,0.455577,0.933837,
0.890359,0.36862,0.846881,0.325142,0.803403,0.281664,0.759924,0.238185,0.716446,0.194707,0.672968,0.151229,0.62949,0.10775,0.586011,0.0642722,0.542533,0.020794,0.499055,0.977316,
0.933837,0.412098,0.890359,0.36862,0.846881,0.325142,0.803403,0.281664,0.759924,0.238185,0.716446,0.194707,0.672968,0.151229,0.62949,0.10775,0.586011,0.0642722,0.542533,0.020794,
0.977316,0.455577,0.933837,0.412098,0.890359,0.36862,0.846881,0.325142,0.803403,0.281664,0.759924,0.238185,0.716446,0.194707,0.672968,0.151229,0.62949,0.10775,0.586011,0.0642722,
0.0226843,0.544423,0.0661626,0.587902,0.109641,0.63138,0.153119,0.674858,0.196597,0.718336,0.240076,0.761815,0.283554,0.805293,0.327032,0.848771,0.37051,0.89225,0.413989,0.935728,
0.0661626,0.587902,0.109641,0.63138,0.153119,0.674858,0.196597,0.718336,0.240076,0.761815,0.283554,0.805293,0.327032,0.848771,0.37051,0.89225,0.413989,0.935728,0.457467,0.979206,
0.109641,0.63138,0.153119,0.674858,0.196597,0.718336,0.240076,0.761815,0.283554,0.805293,0.327032,0.848771,0.37051,0.89225,0.413989,0.935728,0.457467,0.979206,0.500945,0.0226843,
0.153119,0.674858,0.196597,0.718336,0.240076,0.761815,0.283554,0.805293,0.327032,0.848771,0.37051,0.89225,0.413989,0.935728,0.457467,0.979206,0.500945,0.0226843,0.544423,0.0661626,
0.196597,0.718336,0.240076,0.761815,0.283554,0.805293,0.327032,0.848771,0.37051,0.89225,0.413989,0.935728,0.457467,0.979206,0.500945,0.0226843,0.544423,0.0661626,0.587902,0.109641,
0.240076,0.761815,0.283554,0.805293,0.327032,0.848771,0.37051,0.89225,0.413989,0.935728,0.457467,0.979206,0.500945,0.0226843,0.544423,0.0661626,0.587902,0.109641,0.63138,0.153119,
0.283554,0.805293,0.327032,0.848771,0.37051,0.89225,0.413989,0.935728,0.457467,0.979206,0.500945,0.0226843,0.544423,0.0661626,0.587902,0.109641,0.63138,0.153119,0.674858,0.196597,
0.327032,0.848771,0.37051,0.89225,0.413989,0.935728,0.457467,0.979206,0.500945,0.0226843,0.544423,0.0661626,0.587902,0.109641,0.63138,0.153119,0.674858,0.196597,0.718336,0.240076,
0.37051,0.89225,0.413989,0.935728,0.457467,0.979206,0.500945,0.0226843,0.544423,0.0661626,0.587902,0.109641,0.63138,0.153119,0.674858,0.196597,0.718336,0.240076,0.761815,0.283554,
0.413989,0.935728,0.457467,0.979206,0.500945,0.0226843,0.544423,0.0661626,0.587902,0.109641,0.63138,0.153119,0.674858,0.196597,0.718336,0.240076,0.761815,0.283554,0.805293,0.327032,
0.457467,0.979206,0.500945,0.0226843,0.544423,0.0661626,0.587902,0.109641,0.63138,0.153119,0.674858,0.196597,0.718336,0.240076,0.761815,0.283554,0.805293,0.327032,0.848771,0.37051,
0.500945,0.0226843,0.544423,0.0661626,0.587902,0.109641,0.63138,0.153119,0.674858,0.196597,0.718336,0.240076,0.761815,0.283554,0.805293,0.327032,0.848771,0.37051,0.89225,0.413989,
0.544423,0.0661626,0.587902,0.109641,0.63138,0.153119,0.674858,0.196597,0.718336,0.240076,0.761815,0.283554,0.805293,0.327032,0.848771,0.37051,0.89225,0.413989,0.935728,0.457467,
0.587902,0.109641,0.63138,0.153119,0.674858,0.196597,0.718336,0.240076,0.761815,0.283554,0.805293,0.327032,0.848771,0.37051,0.89225,0.413989,0.935728,0.457467,0.979206,0.500945,
0.63138,0.153119,0.674858,0.196597,0.718336,0.240076,0.761815,0.283554,0.805293,0.327032,0.848771,0.37051,0.89225,0.413989,0.935728,0.457467,0.979206,0.500945,0.0226843,0.544423,
0.674858,0.196597,0.718336,0.240076,0.761815,0.283554,0.805293,0.327032,0.848771,0.37051,0.89225,0.413989,0.935728,0.457467,0.979206,0.500945,0.0226843,0.544423,0.0661626,0.587902,
0.718336,0.240076,0.761815,0.283554,0.805293,0.327032,0.848771,0.37051,0.89225,0.413989,0.935728,0.457467,0.979206,0.500945,0.0226843,0.544423,0.0661626,0.587902,0.109641,0.63138,
0.761815,0.283554,0.805293,0.327032,0.848771,0.37051,0.89225,0.413989,0.935728,0.457467,0.979206,0.500945,0.0226843,0.544423,0.0661626,0.587902,0.109641,0.63138,0.153119,0.674858,
0.805293,0.327032,0.848771,0.37051,0.89225,0.413989,0.935728,0.457467,0.979206,0.500945,0.0226843,0.544423,0.0661626,0.587902,0.109641,0.63138,0.153119,0.674858,0.196597,0.718336,
0.848771,0.37051,0.89225,0.413989,0.935728,0.457467,0.979206,0.500945,0.0226843,0.544423,0.0661626,0.587902,0.109641,0.63138,0.153119,0.674858,0.196597,0.718336,0.240076,0.761815,
0.89225,0.413989,0.935728,0.457467,0.979206,0.500945,0.0226843,0.544423,0.0661626,0.587902,0.109641,0.63138,0.153119,0.674858,0.196597,0.718336,0.240076,0.761815,0.283554,0.805293,
0.935728,0.457467,0.979206,0.500945,0.0226843,0.544423,0.0661626,0.587902,0.109641,0.63138,0.153119,0.674858,0.196597,0.718336,0.240076,0.761815,0.283554,0.805293,0.327032,0.848771,
0.979206,0.500945,0.0226843,0.544423,0.0661626,0.587902,0.109641,0.63138,0.153119,0.674858,0.196597,0.718336,0.240076,0.761815,0.283554,0.805293,0.327032,0.848771,0.37051,0.89225,
0.0245747,0.589792,0.155009,0.720227,0.285444,0.850662,0.415879,0.981096,0.546314,0.111531,0.676749,0.241966,0.807183,0.372401,0.937618,0.502836,0.0680529,0.63327,0.198488,0.763705,
0.0680529,0.63327,0.198488,0.763705,0.328922,0.89414,0.459357,0.0245747,0.589792,0.155009,0.720227,0.285444,0.850662,0.415879,0.981096,0.546314,0.111531,0.676749,0.241966,0.807183,
0.111531,0.676749,0.241966,0.807183,0.372401,0.937618,0.502836,0.0680529,0.63327,0.198488,0.763705,0.328922,0.89414,0.459357,0.0245747,0.589792,0.155009,0.720227,0.285444,0.850662,
0.155009,0.720227,0.285444,0.850662,0.415879,0.981096,0.546314,0.111531,0.676749,0.241966,0.807183,0.372401,0.937618,0.502836,0.0680529,0.63327,0.198488,0.763705,0.328922,0.89414,
0.198488,0.763705,0.328922,0.89414,0.459357,0.0245747,0.589792,0.155009,0.720227,0.285444,0.850662,0.415879,0.981096,0.546314,0.111531,0.676749,0.241966,0.807183,0.372401,0.937618,
0.241966,0.807183,0.372401,0.937618,0.502836,0.0680529,0.63327,0.198488,0.763705,0.328922,0.89414,0.459357,0.0245747,0.589792,0.155009,0.720227,0.285444,0.850662,0.415879,0.981096,
0.285444,0.850662,0.415879,0.981096,0.546314,0.111531,0.676749,0.241966,0.807183,0.372401,0.937618,0.502836,0.0680529,0.63327,0.198488,0.763705,0.328922,0.89414,0.459357,0.0245747,
0.328922,0.89414,0.459357,0.0245747,0.589792,0.155009,0.720227,0.285444,0.850662,0.415879,0.981096,0.546314,0.111531,0.676749,0.241966,0.807183,0.372401,0.937618,0.502836,0.0680529,
0.372401,0.937618,0.502836,0.0680529,0.63327,0.198488,0.763705,0.328922,0.89414,0.459357,0.0245747,0.589792,0.155009,0.720227,0.285444,0.850662,0.415879,0.981096,0.546314,0.111531,
0.415879,0.981096,0.546314,0.111531,0.676749,0.241966,0.807183,0.372401,0.937618,0.502836,0.0680529,0.63327,0.198488,0.763705,0.328922,0.89414,0.459357,0.0245747,0.589792,0.155009,
0.459357,0.0245747,0.589792,0.155009,0.720227,0.285444,0.850662,0.415879,0.981096,0.546314,0.111531,0.676749,0.241966,0.807183,0.372401,0.937618,0.502836,0.0680529,0.63327,0.198488,
0.502836,0.0680529,0.63327,0.198488,0.763705,0.328922,0.89414,0.459357,0.0245747,0.589792,0.155009,0.720227,0.285444,0.850662,0.415879,0.981096,0.546314,0.111531,0.676749,0.241966,
0.546314,0.111531,0.676749,0.241966,0.807183,0.372401,0.937618,0.502836,0.0680529,0.63327,0.198488,0.763705,0.328922,0.89414,0.459357,0.0245747,0.589792,0.155009,0.720227,0.285444,
0.589792,0.155009,0.720227,0.285444,0.850662,0.415879,0.981096,0.546314,0.111531,0.676749,0.241966,0.807183,0.372401,0.937618,0.502836,0.0680529,0.63327,0.198488,0.763705,0.328922,
0.63327,0.198488,0.763705,0.328922,0.89414,0.459357,0.0245747,0.589792,0.155009,0.720227,0.285444,0.850662,0.415879,0.981096,0.546314,0.111531,0.676749,0.241966,0.807183,0.372401,
0.676749,0.241966,0.807183,0.372401,0.937618,0.502836,0.0680529,0.63327,0.198488,0.763705,0.328922,0.89414,0.459357,0.0245747,0.589792,0.155009,0.720227,0.285444,0.850662,0.415879,
0.720227,0.285444,0.850662,0.415879,0.981096,0.546314,0.111531,0.676749,0.241966,0.807183,0.372401,0.937618,0.502836,0.0680529,0.63327,0.198488,0.763705,0.328922,0.89414,0.459357,
0.763705,0.328922,0.89414,0.459357,0.0245747,0.589792,0.155009,0.720227,0.285444,0.850662,0.415879,0.981096,0.546314,0.111531,0.676749,0.241966,0.807183,0.372401,0.937618,0.502836,
0.807183,0.372401,0.937618,0.502836,0.0680529,0.63327,0.198488,0.763705,0.328922,0.89414,0.459357,0.0245747,0.589792,0.155009,0.720227,0.285444,0.850662,0.415879,0.981096,0.546314,
0.850662,0.415879,0.981096,0.546314,0.111531,0.676749,0.241966,0.807183,0.372401,0.937618,0.502836,0.0680529,0.63327,0.198488,0.763705,0.328922,0.89414,0.459357,0.0245747,0.589792,
0.89414,0.459357,0.0245747,0.589792,0.155009,0.720227,0.285444,0.850662,0.415879,0.981096,0.546314,0.111531,0.676749,0.241966,0.807183,0.372401,0.937618,0.502836,0.0680529,0.63327,
0.937618,0.502836,0.0680529,0.63327,0.198488,0.763705,0.328922,0.89414,0.459357,0.0245747,0.589792,0.155009,0.720227,0.285444,0.850662,0.415879,0.981096,0.546314,0.111531,0.676749,
0.981096,0.546314,0.111531,0.676749,0.241966,0.807183,0.372401,0.937618,0.502836,0.0680529,0.63327,0.198488,0.763705,0.328922,0.89414,0.459357,0.0245747,0.589792,0.155009,0.720227,
0.026465,0.635161,0.243856,0.852552,0.461248,0.0699433,0.678639,0.287335,0.89603,0.504726,0.113422,0.722117,0.330813,0.939509,0.548204,0.1569,0.765595,0.374291,0.982987,0.591682,
0.0699433,0.678639,0.287335,0.89603,0.504726,0.113422,0.722117,0.330813,0.939509,0.548204,0.1569,0.765595,0.374291,0.982987,0.591682,0.200378,0.809074,0.417769,0.026465,0.635161,
0.113422,0.722117,0.330813,0.939509,0.548204,0.1569,0.765595,0.374291,0.982987,0.591682,0.200378,0.809074,0.417769,0.026465,0.635161,0.243856,0.852552,0.461248,0.0699433,0.678639,
0.1569,0.765595,0.374291,0.982987,0.591682,0.200378,0.809074,0.417769,0.026465,0.635161,0.243856,0.852552,0.461248,0.0699433,0.678639,0.287335,0.89603,0.504726,0.113422,0.722117,
0.200378,0.809074,0.417769,0.026465,0.635161,0.243856,0.852552,0.461248,0.0699433,0.678639,0.287335,0.89603,0.504726,0.113422,0.722117,0.330813,0.939509,0.548204,0.1569,0.765595,
0.243856,0.852552,0.461248,0.0699433,0.678639,0.287335,0.89603,0.504726,0.113422,0.722117,0.330813,0.939509,0.548204,0.1569,0.765595,0.374291,0.982987,0.591682,0.200378,0.809074,
0.287335,0.89603,0.504726,0.113422,0.722117,0.330813,0.939509,0.548204,0.1569,0.765595,0.374291,0.982987,0.591682,0.200378,0.809074,0.417769,0.026465,0.635161,0.243856,0.852552,
0.330813,0.939509,0.548204,0.1569,0.765595,0.374291,0.982987,0.591682,0.200378,0.809074,0.417769,0.026465,0.635161,0.243856,0.852552,0.461248,0.0699433,0.678639,0.287335,0.89603,
0.374291,0.982987,0.591682,0.200378,0.809074,0.417769,0.026465,0.635161,0.243856,0.852552,0.461248,0.0699433,0.678639,0.287335,0.89603,0.504726,0.113422,0.722117,0.330813,0.939509,
0.417769,0.026465,0.635161,0.243856,0.852552,0.461248,0.0699433,0.678639,0.287335,0.89603,0.504726,0.113422,0.722117,0.330813,0.939509,0.548204,0.1569,0.765595,0.374291,0.982987,
0.461248,0.0699433,0.678639,0.287335,0.89603,0.504726,0.113422,0.722117,0.330813,0.939509,0.548204,0.1569,0.765595,0.374291,0.982987,0.591682,0.200378,0.809074,0.417769,0.026465,
0.504726,0.113422,0.722117,0.330813,0.939509,0.548204,0.1569,0.765595,0.374291,0.982987,0.591682,0.200378,0.809074,0.417769,0.026465,0.635161,0.243856,0.852552,0.461248,0.0699433,
0.548204,0.1569,0.765595,0.374291,0.982987,0.591682,0.200378,0.809074,0.417769,0.026465,0.635161,0.243856,0.852552,0.461248,0.0699433,0.678639,0.287335,0.89603,0.504726,0.113422,
0.591682,0.200378,0.809074,0.417769,0.026465,0.635161,0.243856,0.852552,0.461248,0.0699433,0.678639,0.287335,0.89603,0.504726,0.113422,0.722117,0.330813,0.939509,0.548204,0.1569,
0.635161,0.243856,0.852552,0.461248,0.0699433,0.678639,0.287335,0.89603,0.504726,0.113422,0.722117,0.330813,0.939509,0.548204,0.1569,0.765595,0.374291,0.982987,0.591682,0.200378,
0.678639,0.287335,0.89603,0.504726,0.113422,0.722117,0.330813,0.939509,0.548204,0.1569,0.765595,0.374291,0.982987,0.591682,0.200378,0.809074,0.417769,0.026465,0.635161,0.243856,
0.722117,0.330813,0.939509,0.548204,0.1569,0.765595,0.374291,0.982987,0.591682,0.200378,0.809074,0.417769,0.026465,0.635161,0.243856,0.852552,0.461248,0.0699433,0.678639,0.287335,
0.765595,0.374291,0.982987,0.591682,0.200378,0.809074,0.417769,0.026465,0.635161,0.243856,0.852552,0.461248,0.0699433,0.678639,0.287335,0.89603,0.504726,0.113422,0.722117,0.330813,
0.809074,0.417769,0.026465,0.635161,0.243856,0.852552,0.461248,0.0699433,0.678639,0.287335,0.89603,0.504726,0.113422,0.722117,0.330813,0.939509,0.548204,0.1569,0.765595,0.374291,
0.852552,0.461248,0.0699433,0.678639,0.287335,0.89603,0.504726,0.113422,0.722117,0.330813,0.939509,0.548204,0.1569,0.765595,0.374291,0.982987,0.591682,0.200378,0.809074,0.417769,
0.89603,0.504726,0.113422,0.722117,0.330813,0.939509,0.548204,0.1569,0.765595,0.374291,0.982987,0.591682,0.200378,0.809074,0.417769,0.026465,0.635161,0.243856,0.852552,0.461248,
0.939509,0.548204,0.1569,0.765595,0.374291,0.982987,0.591682,0.200378,0.809074,0.417769,0.026465,0.635161,0.243856,0.852552,0.461248,0.0699433,0.678639,0.287335,0.89603,0.504726,
0.982987,0.591682,0.200378,0.809074,0.417769,0.026465,0.635161,0.243856,0.852552,0.461248,0.0699433,0.678639,0.287335,0.89603,0.504726,0.113422,0.722117,0.330813,0.939509,0.548204,
0.0283554,0.680529,0.332703,0.984877,0.637051,0.289225,0.941399,0.593573,0.245747,0.897921,0.550095,0.202268,0.854442,0.506616,0.15879,0.810964,0.463138,0.115312,0.767486,0.41966,
0.0718336,0.724008,0.376181,0.0283554,0.680529,0.332703,0.984877,0.637051,0.289225,0.941399,0.593573,0.245747,0.897921,0.550095,0.202268,0.854442,0.506616,0.15879,0.810964,0.463138,
0.115312,0.767486,0.41966,0.0718336,0.724008,0.376181,0.0283554,0.680529,0.332703,0.984877,0.637051,0.289225,0.941399,0.593573,0.245747,0.897921,0.550095,0.202268,0.854442,0.506616,
0.15879,0.810964,0.463138,0.115312,0.767486,0.41966,0.0718336,0.724008,0.376181,0.0283554,0.680529,0.332703,0.984877,0.637051,0.289225,0.941399,0.593573,0.245747,0.897921,0.550095,
0.202268,0.854442,0.506616,0.15879,0.810964,0.463138,0.115312,0.767486,0.41966,0.0718336,0.724008,0.376181,0.0283554,0.680529,0.332703,0.984877,0.637051,0.289225,0.941399,0.593573,
0.245747,0.897921,0.550095,0.202268,0.854442,0.506616,0.15879,0.810964,0.463138,0.115312,0.767486,0.41966,0.0718336,0.724008,0.376181,0.0283554,0.680529,0.332703,0.984877,0.637051,
0.289225,0.941399,0.593573,0.245747,0.897921,0.550095,0.202268,0.854442,0.506616,0.15879,0.810964,0.463138,0.115312,0.767486,0.41966,0.0718336,0.724008,0.376181,0.0283554,0.680529,
0.332703,0.984877,0.637051,0.289225,0.941399,0.593573,0.245747,0.897921,0.550095,0.202268,0.854442,0.506616,0.15879,0.810964,0.463138,0.115312,0.767486,0.41966,0.0718336,0.724008,
0.376181,0.0283554,0.680529,0.332703,0.984877,0.637051,0.289225,0.941399,0.593573,0.245747,0.897921,0.550095,0.202268,0.854442,0.506616,0.15879,0.810964,0.463138,0.115312,0.767486,
0.41966,0.0718336,0.724008,0.376181,0.0283554,0.680529,0.332703,0.984877,0.637051,0.289225,0.941399,0.593573,0.245747,0.897921,0.550095,0.202268,0.854442,0.506616,0.15879,0.810964,
0.463138,0.115312,0.767486,0.41966,0.0718336,0.724008,0.376181,0.0283554,0.680529,0.332703,0.984877,0.637051,0.289225,0.941399,0.593573,0.245747,0.897921,0.550095,0.202268,0.854442,
0.506616,0.15879,0.810964,0.463138,0.115312,0.767486,0.41966,0.0718336,0.724008,0.376181,0.0283554,0.680529,0.332703,0.984877,0.637051,0.289225,0.941399,0.593573,0.245747,0.897921,
0.550095,0.202268,0.854442,0.506616,0.15879,0.810964,0.463138,0.115312,0.767486,0.41966,0.0718336,0.724008,0.376181,0.0283554,0.680529,0.332703,0.984877,0.637051,0.289225,0.941399,
0.593573,0.245747,0.897921,0.550095,0.202268,0.854442,0.506616,0.15879,0.810964,0.463138,0.115312,0.767486,0.41966,0.0718336,0.724008,0.376181,0.0283554,0.680529,0.332703,0.984877,
0.637051,0.289225,0.941399,0.593573,0.245747,0.897921,0.550095,0.202268,0.854442,0.506616,0.15879,0.810964,0.463138,0.115312,0.767486,0.41966,0.0718336,0.724008,0.376181,0.0283554,
0.680529,0.332703,0.984877,0.637051,0.289225,0.941399,0.593573,0.245747,0.897921,0.550095,0.202268,0.854442,0.506616,0.15879,0.810964,0.463138,0.115312,0.767486,0.41966,0.0718336,
0.724008,0.376181,0.0283554,0.680529,0.332703,0.984877,0.637051,0.289225,0.941399,0.593573,0.245747,0.897921,0.550095,0.202268,0.854442,0.506616,0.15879,0.810964,0.463138,0.115312,
0.767486,0.41966,0.0718336,0.724008,0.376181,0.0283554,0.680529,0.332703,0.984877,0.637051,0.289225,0.941399,0.593573,0.245747,0.897921,0.550095,0.202268,0.854442,0.506616,0.15879,
0.810964,0.463138,0.115312,0.767486,0.41966,0.0718336,0.724008,0.376181,0.0283554,0.680529,0.332703,0.984877,0.637051,0.289225,0.941399,0.593573,0.245747,0.897921,0.550095,0.202268,
0.854442,0.506616,0.15879,0.810964,0.463138,0.115312,0.767486,0.41966,0.0718336,0.724008,0.376181,0.0283554,0.680529,0.332703,0.984877,0.637051,0.289225,0.941399,0.593573,0.245747,
0.897921,0.550095,0.202268,0.854442,0.506616,0.15879,0.810964,0.463138,0.115312,0.767486,0.41966,0.0718336,0.724008,0.376181,0.0283554,0.680529,0.332703,0.984877,0.637051,0.289225,
0.941399,0.593573,0.245747,0.897921,0.550095,0.202268,0.854442,0.506616,0.15879,0.810964,0.463138,0.115312,0.767486,0.41966,0.0718336,0.724008,0.376181,0.0283554,0.680529,0.332703,
0.984877,0.637051,0.289225,0.941399,0.593573,0.245747,0.897921,0.550095,0.202268,0.854442,0.506616,0.15879,0.810964,0.463138,0.115312,0.767486,0.41966,0.0718336,0.724008,0.376181,
0.0302457,0.725898,0.42155,0.117202,0.812854,0.508507,0.204159,0.899811,0.595463,0.291115,0.986767,0.68242,0.378072,0.073724,0.769376,0.465028,0.160681,0.856333,0.551985,0.247637,
0.073724,0.769376,0.465028,0.160681,0.856333,0.551985,0.247637,0.943289,0.638941,0.334594,0.0302457,0.725898,0.42155,0.117202,0.812854,0.508507,0.204159,0.899811,0.595463,0.291115,
0.117202,0.812854,0.508507,0.204159,0.899811,0.595463,0.291115,0.986767,0.68242,0.378072,0.073724,0.769376,0.465028,0.160681,0.856333,0.551985,0.247637,0.943289,0.638941,0.334594,
0.160681,0.856333,0.551985,0.247637,0.943289,0.638941,0.334594,0.0302457,0.725898,0.42155,0.117202,0.812854,0.508507,0.204159,0.899811,0.595463,0.291115,0.986767,0.68242,0.378072,
0.204159,0.899811,0.595463,0.291115,0.986767,0.68242,0.378072,0.073724,0.769376,0.465028,0.160681,0.856333,0.551985,0.247637,0.943289,0.638941,0.334594,0.0302457,0.725898,0.42155,
0.247637,0.943289,0.638941,0.334594,0.0302457,0.725898,0.42155,0.117202,0.812854,0.508507,0.204159,0.899811,0.595463,0.291115,0.986767,0.68242,0.378072,0.073724,0.769376,0.465028,
0.291115,0.986767,0.68242,0.378072,0.073724,0.769376,0.465028,0.160681,0.856333,0.551985,0.247637,0.943289,0.638941,0.334594,0.0302457,0.725898,0.42155,0.117202,0.812854,0.508507,
0.334594,0.0302457,0.725898,0.42155,0.117202,0.812854,0.508507,0.204159,0.899811,0.595463,0.291115,0.986767,0.68242,0.378072,0.073724,0.769376,0.465028,0.160681,0.856333,0.551985,
0.378072,0.073724,0.769376,0.465028,0.160681,0.856333,0.551985,0.247637,0.943289,0.638941,0.334594,0.0302457,0.725898,0.42155,0.117202,0.812854,0.508507,0.204159,0.899811,0.595463,
0.42155,0.117202,0.812854,0.508507,0.204159,0.899811,0.595463,0.291115,0.986767,0.68242,0.378072,0.073724,0.769376,0.465028,0.160681,0.856333,0.551985,0.247637,0.943289,0.638941,
0.465028,0.160681,0.856333,0.551985,0.247637,0.943289,0.638941,0.334594,0.0302457,0.725898,0.42155,0.117202,0.812854,0.508507,0.204159,0.899811,0.595463,0.291115,0.986767,0.68242,
0.508507,0.204159,0.899811,0.595463,0.291115,0.986767,0.68242,0.378072,0.073724,0.769376,0.465028,0.160681,0.856333,0.551985,0.247637,0.943289,0.638941,0.334594,0.0302457,0.725898,
0.551985,0.247637,0.943289,0.638941,0.334594,0.0302457,0.725898,0.42155,0.117202,0.812854,0.508507,0.204159,0.899811,0.595463,0.291115,0.986767,0.68242,0.378072,0.073724,0.769376,
0.595463,0.291115,0.986767,0.68242,0.378072,0.073724,0.769376,0.465028,0.160681,0.856333,0.551985,0.247637,0.943289,0.638941,0.334594,0.0302457,0.725898,0.42155,0.117202,0.812854,
0.638941,0.334594,0.0302457,0.725898,0.42155,0.117202,0.812854,0.508507,0.204159,0.899811,0.595463,0.291115,0.986767,0.68242,0.378072,0.073724,0.769376,0.465028,0.160681,0.856333,
0.68242,0.378072,0.073724,0.769376,0.465028,0.160681,0.856333,0.551985,0.247637,0.943289,0.638941,0.334594,0.0302457,0.725898,0.42155,0.117202,0.812854,0.508507,0.204159,0.899811,
0.725898,0.42155,0.117202,0.812854,0.508507,0.204159,0.899811,0.595463,0.291115,0.986767,0.68242,0.378072,0.073724,0.769376,0.465028,0.160681,0.856333,0.551985,0.247637,0.943289,
0.769376,0.465028,0.160681,0.856333,0.551985,0.247637,0.943289,0.638941,0.334594,0.0302457,0.725898,0.42155,0.117202,0.812854,0.508507,0.204159,0.899811,0.595463,0.291115,0.986767,
0.812854,0.508507,0.204159,0.899811,0.595463,0.291115,0.986767,0.68242,0.378072,0.073724,0.769376,0.465028,0.160681,0.856333,0.551985,0.247637,0.943289,0.638941,0.334594,0.0302457,
0.856333,0.551985,0.247637,0.943289,0.638941,0.334594,0.0302457,0.725898,0.42155,0.117202,0.812854,0.508507,0.204159,0.899811,0.595463,0.291115,0.986767,0.68242,0.378072,0.073724,
0.899811,0.595463,0.291115,0.986767,0.68242,0.378072,0.073724,0.769376,0.465028,0.160681,0.856333,0.551985,0.247637,0.943289,0.638941,0.334594,0.0302457,0.725898,0.42155,0.117202,
0.943289,0.638941,0.334594,0.0302457,0.725898,0.42155,0.117202,0.812854,0.508507,0.204159,0.899811,0.595463,0.291115,0.986767,0.68242,0.378072,0.073724,0.769376,0.465028,0.160681,
0.986767,0.68242,0.378072,0.073724,0.769376,0.465028,0.160681,0.856333,0.551985,0.247637,0.943289,0.638941,0.334594,0.0302457,0.725898,0.42155,0.117202,0.812854,0.508507,0.204159,
0.0321361,0.771267,0.510397,0.249527,0.988658,0.727788,0.466919,0.206049,0.94518,0.68431,0.42344,0.162571,0.901701,0.640832,0.379962,0.119093,0.858223,0.597353,0.336484,0.0756144,
0.0756144,0.814745,0.553875,0.293006,0.0321361,0.771267,0.510397,0.249527,0.988658,0.727788,0.466919,0.206049,0.94518,0.68431,0.42344,0.162571,0.901701,0.640832,0.379962,0.119093,
0.119093,0.858223,0.597353,0.336484,0.0756144,0.814745,0.553875,0.293006,0.0321361,0.771267,0.510397,0.249527,0.988658,0.727788,0.466919,0.206049,0.94518,0.68431,0.42344,0.162571,
0.162571,0.901701,0.640832,0.379962,0.119093,0.858223,0.597353,0.336484,0.0756144,0.814745,0.553875,0.293006,0.0321361,0.771267,0.510397,0.249527,0.988658,0.727788,0.466919,0.206049,
0.206049,0.94518,0.68431,0.42344,0.162571,0.901701,0.640832,0.379962,0.119093,0.858223,0.597353,0.336484,0.0756144,0.814745,0.553875,0.293006,0.0321361,0.771267,0.510397,0.249527,
0.249527,0.988658,0.727788,0.466919,0.206049,0.94518,0.68431,0.42344,0.162571,0.901701,0.640832,0.379962,0.119093,0.858223,0.597353,0.336484,0.0756144,0.814745,0.553875,0.293006,
0.293006,0.0321361,0.771267,0.510397,0.249527,0.988658,0.727788,0.466919,0.206049,0.94518,0.68431,0.42344,0.162571,0.901701,0.640832,0.379962,0.119093,0.858223,0.597353,0.336484,
0.336484,0.0756144,0.814745,0.553875,0.293006,0.0321361,0.771267,0.510397,0.249527,0.988658,0.727788,0.466919,0.206049,0.94518,0.68431,0.42344,0.162571,0.901701,0.640832,0.379962,
0.379962,0.119093,0.858223,0.597353,0.336484,0.0756144,0.814745,0.553875,0.293006,0.0321361,0.771267,0.510397,0.249527,0.988658,0.727788,0.466919,0.206049,0.94518,0.68431,0.42344,
0.42344,0.162571,0.901701,0.640832,0.379962,0.119093,0.858223,0.597353,0.336484,0.0756144,0.814745,0.553875,0.293006,0.0321361,0.771267,0.510397,0.249527,0.988658,0.727788,0.466919,
0.466919,0.206049,0.94518,0.68431,0.42344,0.162571,0.901701,0.640832,0.379962,0.119093,0.858223,0.597353,0.336484,0.0756144,0.814745,0.553875,0.293006,0.0321361,0.771267,0.510397,
0.510397,0.249527,0.988658,0.727788,0.466919,0.206049,0.94518,0.68431,0.42344,0.162571,0.901701,0.640832,0.379962,0.119093,0.858223,0.597353,0.336484,0.0756144,0.814745,0.553875,
0.553875,0.293006,0.0321361,0.771267,0.510397,0.249527,0.988658,0.727788,0.466919,0.206049,0.94518,0.68431,0.42344,0.162571,0.901701,0.640832,0.379962,0.119093,0.858223,0.597353,
0.597353,0.336484,0.0756144,0.814745,0.553875,0.293006,0.0321361,0.771267,0.510397,0.249527,0.988658,0.727788,0.466919,0.206049,0.94518,0.68431,0.42344,0.162571,0.901701,0.640832,
0.640832,0.379962,0.119093,0.858223,0.597353,0.336484,0.0756144,0.814745,0.553875,0.293006,0.0321361,0.771267,0.510397,0.249527,0.988658,0.727788,0.466919,0.206049,0.94518,0.68431,
0.68431,0.42344,0.162571,0.901701,0.640832,0.379962,0.119093,0.858223,0.597353,0.336484,0.0756144,0.814745,0.553875,0.293006,0.0321361,0.771267,0.510397,0.249527,0.988658,0.727788,
0.727788,0.466919,0.206049,0.94518,0.68431,0.42344,0.162571,0.901701,0.640832,0.379962,0.119093,0.858223,0.597353,0.336484,0.0756144,0.814745,0.553875,0.293006,0.0321361,0.771267,
0.771267,0.510397,0.249527,0.988658,0.727788,0.466919,0.206049,0.94518,0.68431,0.42344,0.162571,0.901701,0.640832,0.379962,0.119093,0.858223,0.597353,0.336484,0.0756144,0.814745,
0.814745,0.553875,0.293006,0.0321361,0.771267,0.510397,0.249527,0.988658,0.727788,0.466919,0.206049,0.94518,0.68431,0.42344,0.162571,0.901701,0.640832,0.379962,0.119093,0.858223,
0.858223,0.597353,0.336484,0.0756144,0.814745,0.553875,0.293006,0.0321361,0.771267,0.510397,0.249527,0.988658,0.727788,0.466919,0.206049,0.94518,0.68431,0.42344,0.162571,0.901701,
0.901701,0.640832,0.379962,0.119093,0.858223,0.597353,0.336484,0.0756144,0.814745,0.553875,0.293006,0.0321361,0.771267,0.510397,0.249527,0.988658,0.727788,0.466919,0.206049,0.94518,
0.94518,0.68431,0.42344,0.162571,0.901701,0.640832,0.379962,0.119093,0.858223,0.597353,0.336484,0.0756144,0.814745,0.553875,0.293006,0.0321361,0.771267,0.510397,0.249527,0.988658,
0.988658,0.727788,0.466919,0.206049,0.94518,0.68431,0.42344,0.162571,0.901701,0.640832,0.379962,0.119093,0.858223,0.597353,0.336484,0.0756144,0.814745,0.553875,0.293006,0.0321361,
0.0340265,0.816635,0.599244,0.381853,0.164461,0.94707,0.729679,0.512287,0.294896,0.0775047,0.860113,0.642722,0.425331,0.20794,0.990548,0.773157,0.555766,0.338374,0.120983,0.903592,
0.0775047,0.860113,0.642722,0.425331,0.20794,0.990548,0.773157,0.555766,0.338374,0.120983,0.903592,0.6862,0.468809,0.251418,0.0340265,0.816635,0.599244,0.381853,0.164461,0.94707,
0.120983,0.903592,0.6862,0.468809,0.251418,0.0340265,0.816635,0.599244,0.381853,0.164461,0.94707,0.729679,0.512287,0.294896,0.0775047,0.860113,0.642722,0.425331,0.20794,0.990548,
0.164461,0.94707,0.729679,0.512287,0.294896,0.0775047,0.860113,0.642722,0.425331,0.20794,0.990548,0.773157,0.555766,0.338374,0.120983,0.903592,0.6862,0.468809,0.251418,0.0340265,
0.20794,0.990548,0.773157,0.555766,0.338374,0.120983,0.903592,0.6862,0.468809,0.251418,0.0340265,0.816635,0.599244,0.381853,0.164461,0.94707,0.729679,0.512287,0.294896,0.0775047,
0.251418,0.0340265,0.816635,0.599244,0.381853,0.164461,0.94707,0.729679,0.512287,0.294896,0.0775047,0.860113,0.642722,0.425331,0.20794,0.990548,0.773157,0.555766,0.338374,0.120983,
0.294896,0.0775047,0.860113,0.642722,0.425331,0.20794,0.990548,0.773157,0.555766,0.338374,0.120983,0.903592,0.6862,0.468809,0.251418,0.0340265,0.816635,0.599244,0.381853,0.164461,
0.338374,0.120983,0.903592,0.6862,0.468809,0.251418,0.0340265,0.816635,0.599244,0.381853,0.164461,0.94707,0.729679,0.512287,0.294896,0.0775047,0.860113,0.642722,0.425331,0.20794,
0.381853,0.164461,0.94707,0.729679,0.512287,0.294896,0.0775047,0.860113,0.642722,0.425331,0.20794,0.990548,0.773157,0.555766,0.338374,0.120983,0.903592,0.6862,0.468809,0.251418,
0.425331,0.20794,0.990548,0.773157,0.555766,0.338374,0.120983,0.903592,0.6862,0.468809,0.251418,0.0340265,0.816635,0.599244,0.381853,0.164461,0.94707,0.729679,0.512287,0.294896,
0.468809,0.251418,0.0340265,0.816635,0.599244,0.381853,0.164461,0.94707,0.729679,0.512287,0.294896,0.0775047,0.860113,0.642722,0.425331,0.20794,0.990548,0.773157,0.555766,0.338374,
0.512287,0.294896,0.0775047,0.860113,0.642722,0.425331,0.20794,0.990548,0.773157,0.555766,0.338374,0.120983,0.903592,0.6862,0.468809,0.251418,0.0340265,0.816635,0.599244,0.381853,
0.555766,0.338374,0.120983,0.903592,0.6862,0.468809,0.251418,0.0340265,0.816635,0.599244,0.381853,0.164461,0.94707,0.729679,0.512287,0.294896,0.0775047,0.860113,0.642722,0.425331,
0.599244,0.381853,0.164461,0.94707,0.729679,0.512287,0.294896,0.0775047,0.860113,0.642722,0.425331,0.20794,0.990548,0.773157,0.555766,0.338374,0.120983,0.903592,0.6862,0.468809,
0.642722,0.425331,0.20794,0.990548,0.773157,0.555766,0.338374,0.120983,0.903592,0.6862,0.468809,0.251418,0.0340265,0.816635,0.599244,0.381853,0.164461,0.94707,0.729679,0.512287,
0.6862,0.468809,0.251418,0.0340265,0.816635,0.599244,0.381853,0.164461,0.94707,0.729679,0.512287,0.294896,0.0775047,0.860113,0.642722,0.425331,0.20794,0.990548,0.773157,0.555766,
0.729679,0.512287,0.294896,0.0775047,0.860113,0.642722,0.425331,0.20794,0.990548,0.773157,0.555766,0.338374,0.120983,0.903592,0.6862,0.468809,0.251418,0.0340265,0.816635,0.599244,
0.773157,0.555766,0.338374,0.120983,0.903592,0.6862,0.468809,0.251418,0.0340265,0.816635,0.599244,0.381853,0.164461,0.94707,0.729679,0.512287,0.294896,0.0775047,0.860113,0.642722,
0.816635,0.599244,0.381853,0.164461,0.94707,0.729679,0.512287,0.294896,0.0775047,0.860113,0.642722,0.425331,0.20794,0.990548,0.773157,0.555766,0.338374,0.120983,0.903592,0.6862,
0.860113,0.642722,0.425331,0.20794,0.990548,0.773157,0.555766,0.338374,0.120983,0.903592,0.6862,0.468809,0.251418,0.0340265,0.816635,0.599244,0.381853,0.164461,0.94707,0.729679,
0.903592,0.6862,0.468809,0.251418,0.0340265,0.816635,0.599244,0.381853,0.164461,0.94707,0.729679,0.512287,0.294896,0.0775047,0.860113,0.642722,0.425331,0.20794,0.990548,0.773157,
0.94707,0.729679,0.512287,0.294896,0.0775047,0.860113,0.642722,0.425331,0.20794,0.990548,0.773157,0.555766,0.338374,0.120983,0.903592,0.6862,0.468809,0.251418,0.0340265,0.816635,
0.990548,0.773157,0.555766,0.338374,0.120983,0.903592,0.6862,0.468809,0.251418,0.0340265,0.816635,0.599244,0.381853,0.164461,0.94707,0.729679,0.512287,0.294896,0.0775047,0.860113,
0.0359168,0.862004,0.688091,0.514178,0.340265,0.166352,0.992439,0.818526,0.644612,0.470699,0.296786,0.122873,0.94896,0.775047,0.601134,0.427221,0.253308,0.0793951,0.905482,0.731569,
0.0793951,0.905482,0.731569,0.557656,0.383743,0.20983,0.0359168,0.862004,0.688091,0.514178,0.340265,0.166352,0.992439,0.818526,0.644612,0.470699,0.296786,0.122873,0.94896,0.775047,
0.122873,0.94896,0.775047,0.601134,0.427221,0.253308,0.0793951,0.905482,0.731569,0.557656,0.383743,0.20983,0.0359168,0.862004,0.688091,0.514178,0.340265,0.166352,0.992439,0.818526,
0.166352,0.992439,0.818526,0.644612,0.470699,0.296786,0.122873,0.94896,0.775047,0.601134,0.427221,0.253308,0.0793951,0.905482,0.731569,0.557656,0.383743,0.20983,0.0359168,0.862004,
0.20983,0.0359168,0.862004,0.688091,0.514178,0.340265,0.166352,0.992439,0.818526,0.644612,0.470699,0.296786,0.122873,0.94896,0.775047,0.601134,0.427221,0.253308,0.0793951,0.905482,
0.253308,0.0793951,0.905482,0.731569,0.557656,0.383743,0.20983,0.0359168,0.862004,0.688091,0.514178,0.340265,0.166352,0.992439,0.818526,0.644612,0.470699,0.296786,0.122873,0.94896,
0.296786,0.122873,0.94896,0.775047,0.601134,0.427221,0.253308,0.0793951,0.905482,0.731569,0.557656,0.383743,0.20983,0.0359168,0.862004,0.688091,0.514178,0.340265,0.166352,0.992439,
0.340265,0.166352,0.992439,0.818526,0.644612,0.470699,0.296786,0.122873,0.94896,0.775047,0.601134,0.427221,0.253308,0.0793951,0.905482,0.731569,0.557656,0.383743,0.20983,0.0359168,
0.383743,0.20983,0.0359168,0.862004,0.688091,0.514178,0.340265,0.166352,0.992439,0.818526,0.644612,0.470699,0.296786,0.122873,0.94896,0.775047,0.601134,0.427221,0.253308,0.0793951,
0.427221,0.253308,0.0793951,0.905482,0.731569,0.557656,0.383743,0.20983,0.0359168,0.862004,0.688091,0.514178,0.340265,0.166352,0.992439,0.818526,0.644612,0.470699,0.296786,0.122873,
0.470699,0.296786,0.122873,0.94896,0.775047,0.601134,0.427221,0.253308,0.0793951,0.905482,0.731569,0.557656,0.383743,0.20983,0.0359168,0.862004,0.688091,0.514178,0.340265,0.166352,
0.514178,0.340265,0.166352,0.992439,0.818526,0.644612,0.470699,0.296786,0.122873,0.94896,0.775047,0.601134,0.427221,0.253308,0.0793951,0.905482,0.731569,0.557656,0.383743,0.20983,
0.557656,0.383743,0.20983,0.0359168,0.862004,0.688091,0.514178,0.340265,0.166352,0.992439,0.818526,0.644612,0.470699,0.296786,0.122873,0.94896,0.775047,0.601134,0.427221,0.253308,
0.601134,0.427221,0.253308,0.0793951,0.905482,0.731569,0.557656,0.383743,0.20983,0.0359168,0.862004,0.688091,0.514178,0.340265,0.166352,0.992439,0.818526,0.644612,0.470699,0.296786,
0.644612,0.470699,0.296786,0.122873,0.94896,0.775047,0.601134,0.427221,0.253308,0.0793951,0.905482,0.731569,0.557656,0.383743,0.20983,0.0359168,0.862004,0.688091,0.514178,0.340265,
0.688091,0.514178,0.340265,0.166352,0.992439,0.818526,0.644612,0.470699,0.296786,0.122873,0.94896,0.775047,0.601134,0.427221,0.253308,0.0793951,0.905482,0.731569,0.557656,0.383743,
0.731569,0.557656,0.383743,0.20983,0.0359168,0.862004,0.688091,0.514178,0.340265,0.166352,0.992439,0.818526,0.644612,0.470699,0.296786,0.122873,0.94896,0.775047,0.601134,0.427221,
0.775047,0.601134,0.427221,0.253308,0.0793951,0.905482,0.731569,0.557656,0.383743,0.20983,0.0359168,0.862004,0.688091,0.514178,0.340265,0.166352,0.992439,0.818526,0.644612,0.470699,
0.818526,0.644612,0.470699,0.296786,0.122873,0.94896,0.775047,0.601134,0.427221,0.253308,0.0793951,0.905482,0.731569,0.557656,0.383743,0.20983,0.0359168,0.862004,0.688091,0.514178,
0.862004,0.688091,0.514178,0.340265,0.166352,0.992439,0.818526,0.644612,0.470699,0.296786,0.122873,0.94896,0.775047,0.601134,0.427221,0.253308,0.0793951,0.905482,0.731569,0.557656,
0.905482,0.731569,0.557656,0.383743,0.20983,0.0359168,0.862004,0.688091,0.514178,0.340265,0.166352,0.992439,0.818526,0.644612,0.470699,0.296786,0.122873,0.94896,0.775047,0.601134,
0.94896,0.775047,0.601134,0.427221,0.253308,0.0793951,0.905482,0.731569,0.557656,0.383743,0.20983,0.0359168,0.862004,0.688091,0.514178,0.340265,0.166352,0.992439,0.818526,0.644612,
0.992439,0.818526,0.644612,0.470699,0.296786,0.122873,0.94896,0.775047,0.601134,0.427221,0.253308,0.0793951,0.905482,0.731569,0.557656,0.383743,0.20983,0.0359168,0.862004,0.688091,
0.0378072,0.907372,0.776938,0.646503,0.516068,0.385633,0.255198,0.124764,0.994329,0.863894,0.733459,0.603025,0.47259,0.342155,0.21172,0.0812854,0.950851,0.820416,0.689981,0.559546,
0.0812854,0.950851,0.820416,0.689981,0.559546,0.429112,0.298677,0.168242,0.0378072,0.907372,0.776938,0.646503,0.516068,0.385633,0.255198,0.124764,0.994329,0.863894,0.733459,0.603025,
0.124764,0.994329,0.863894,0.733459,0.603025,0.47259,0.342155,0.21172,0.0812854,0.950851,0.820416,0.689981,0.559546,0.429112,0.298677,0.168242,0.0378072,0.907372,0.776938,0.646503,
0.168242,0.0378072,0.907372,0.776938,0.646503,0.516068,0.385633,0.255198,0.124764,0.994329,0.863894,0.733459,0.603025,0.47259,0.342155,0.21172,0.0812854,0.950851,0.820416,0.689981,
0.21172,0.0812854,0.950851,0.820416,0.689981,0.559546,0.429112,0.298677,0.168242,0.0378072,0.907372,0.776938,0.646503,0.516068,0.385633,0.255198,0.124764,0.994329,0.863894,0.733459,
0.255198,0.124764,0.994329,0.863894,0.733459,0.603025,0.47259,0.342155,0.21172,0.0812854,0.950851,0.820416,0.689981,0.559546,0.429112,0.298677,0.168242,0.0378072,0.907372,0.776938,
0.298677,0.168242,0.0378072,0.907372,0.776938,0.646503,0.516068,0.385633,0.255198,0.124764,0.994329,0.863894,0.733459,0.603025,0.47259,0.342155,0.21172,0.0812854,0.950851,0.820416,
0.342155,0.21172,0.0812854,0.950851,0.820416,0.689981,0.559546,0.429112,0.298677,0.168242,0.0378072,0.907372,0.776938,0.646503,0.516068,0.385633,0.255198,0.124764,0.994329,0.863894,
0.385633,0.255198,0.124764,0.994329,0.863894,0.733459,0.603025,0.47259,0.342155,0.21172,0.0812854,0.950851,0.820416,0.689981,0.559546,0.429112,0.298677,0.168242,0.0378072,0.907372,
0.429112,0.298677,0.168242,0.0378072,0.907372,0.776938,0.646503,0.516068,0.385633,0.255198,0.124764,0.994329,0.863894,0.733459,0.603025,0.47259,0.342155,0.21172,0.0812854,0.950851,
0.47259,0.342155,0.21172,0.0812854,0.950851,0.820416,0.689981,0.559546,0.429112,0.298677,0.168242,0.0378072,0.907372,0.776938,0.646503,0.516068,0.385633,0.255198,0.124764,0.994329,
0.516068,0.385633,0.255198,0.124764,0.994329,0.863894,0.733459,0.603025,0.47259,0.342155,0.21172,0.0812854,0.950851,0.820416,0.689981,0.559546,0.429112,0.298677,0.168242,0.0378072,
0.559546,0.429112,0.298677,0.168242,0.0378072,0.907372,0.776938,0.646503,0.516068,0.385633,0.255198,0.124764,0.994329,0.863894,0.733459,0.603025,0.47259,0.342155,0.21172,0.0812854,
0.603025,0.47259,0.342155,0.21172,0.0812854,0.950851,0.820416,0.689981,0.559546,0.429112,0.298677,0.168242,0.0378072,0.907372,0.776938,0.646503,0.516068,0.385633,0.255198,0.124764,
0.646503,0.516068,0.385633,0.255198,0.124764,0.994329,0.863894,0.733459,0.603025,0.47259,0.342155,0.21172,0.0812854,0.950851,0.820416,0.689981,0.559546,0.429112,0.298677,0.168242,
0.689981,0.559546,0.429112,0.298677,0.168242,0.0378072,0.907372,0.776938,0.646503,0.516068,0.385633,0.255198,0.124764,0.994329,0.863894,0.733459,0.603025,0.47259,0.342155,0.21172,
0.733459,0.603025,0.47259,0.342155,0.21172,0.0812854,0.950851,0.820416,0.689981,0.559546,0.429112,0.298677,0.168242,0.0378072,0.907372,0.776938,0.646503,0.516068,0.385633,0.255198,
0.776938,0.646503,0.516068,0.385633,0.255198,0.124764,0.994329,0.863894,0.733459,0.603025,0.47259,0.342155,0.21172,0.0812854,0.950851,0.820416,0.689981,0.559546,0.429112,0.298677,
0.820416,0.689981,0.559546,0.429112,0.298677,0.168242,0.0378072,0.907372,0.776938,0.646503,0.516068,0.385633,0.255198,0.124764,0.994329,0.863894,0.733459,0.603025,0.47259,0.342155,
0.863894,0.733459,0.603025,0.47259,0.342155,0.21172,0.0812854,0.950851,0.820416,0.689981,0.559546,0.429112,0.298677,0.168242,0.0378072,0.907372,0.776938,0.646503,0.516068,0.385633,
0.907372,0.776938,0.646503,0.516068,0.385633,0.255198,0.124764,0.994329,0.863894,0.733459,0.603025,0.47259,0.342155,0.21172,0.0812854,0.950851,0.820416,0.689981,0.559546,0.429112,
0.950851,0.820416,0.689981,0.559546,0.429112,0.298677,0.168242,0.0378072,0.907372,0.776938,0.646503,0.516068,0.385633,0.255198,0.124764,0.994329,0.863894,0.733459,0.603025,0.47259,
0.994329,0.863894,0.733459,0.603025,0.47259,0.342155,0.21172,0.0812854,0.950851,0.820416,0.689981,0.559546,0.429112,0.298677,0.168242,0.0378072,0.907372,0.776938,0.646503,0.516068,
0.0396975,0.952741,0.865784,0.778828,0.691871,0.604915,0.517958,0.431002,0.344045,0.257089,0.170132,0.0831758,0.996219,0.909263,0.822306,0.73535,0.648393,0.561437,0.47448,0.387524,
0.0831758,0.996219,0.909263,0.822306,0.73535,0.648393,0.561437,0.47448,0.387524,0.300567,0.213611,0.126654,0.0396975,0.952741,0.865784,0.778828,0.691871,0.604915,0.517958,0.431002,
0.126654,0.0396975,0.952741,0.865784,0.778828,0.691871,0.604915,0.517958,0.431002,0.344045,0.257089,0.170132,0.0831758,0.996219,0.909263,0.822306,0.73535,0.648393,0.561437,0.47448,
0.170132,0.0831758,0.996219,0.909263,0.822306,0.73535,0.648393,0.561437,0.47448,0.387524,0.300567,0.213611,0.126654,0.0396975,0.952741,0.865784,0.778828,0.691871,0.604915,0.517958,
0.213611,0.126654,0.0396975,0.952741,0.865784,0.778828,0.691871,0.604915,0.517958,0.431002,0.344045,0.257089,0.170132,0.0831758,0.996219,0.909263,0.822306,0.73535,0.648393,0.561437,
0.257089,0.170132,0.0831758,0.996219,0.909263,0.822306,0.73535,0.648393,0.561437,0.47448,0.387524,0.300567,0.213611,0.126654,0.0396975,0.952741,0.865784,0.778828,0.691871,0.604915,
0.300567,0.213611,0.126654,0.0396975,0.952741,0.865784,0.778828,0.691871,0.604915,0.517958,0.431002,0.344045,0.257089,0.170132,0.0831758,0.996219,0.909263,0.822306,0.73535,0.648393,
0.344045,0.257089,0.170132,0.0831758,0.996219,0.909263,0.822306,0.73535,0.648393,0.561437,0.47448,0.387524,0.300567,0.213611,0.126654,0.0396975,0.952741,0.865784,0.778828,0.691871,
0.387524,0.300567,0.213611,0.126654,0.0396975,0.952741,0.865784,0.778828,0.691871,0.604915,0.517958,0.431002,0.344045,0.257089,0.170132,0.0831758,0.996219,0.909263,0.822306,0.73535,
0.431002,0.344045,0.257089,0.170132,0.0831758,0.996219,0.909263,0.822306,0.73535,0.648393,0.561437,0.47448,0.387524,0.300567,0.213611,0.126654,0.0396975,0.952741,0.865784,0.778828,
0.47448,0.387524,0.300567,0.213611,0.126654,0.0396975,0.952741,0.865784,0.778828,0.691871,0.604915,0.517958,0.431002,0.344045,0.257089,0.170132,0.0831758,0.996219,0.909263,0.822306,
0.517958,0.431002,0.344045,0.257089,0.170132,0.0831758,0.996219,0.909263,0.822306,0.73535,0.648393,0.561437,0.47448,0.387524,0.300567,0.213611,0.126654,0.0396975,0.952741,0.865784,
0.561437,0.47448,0.387524,0.300567,0.213611,0.126654,0.0396975,0.952741,0.865784,0.778828,0.691871,0.604915,0.517958,0.431002,0.344045,0.257089,0.170132,0.0831758,0.996219,0.909263,
0.604915,0.517958,0.431002,0.344045,0.257089,0.170132,0.0831758,0.996219,0.909263,0.822306,0.73535,0.648393,0.561437,0.47448,0.387524,0.300567,0.213611,0.126654,0.0396975,0.952741,
0.648393,0.561437,0.47448,0.387524,0.300567,0.213611,0.126654,0.0396975,0.952741,0.865784,0.778828,0.691871,0.604915,0.517958,0.431002,0.344045,0.257089,0.170132,0.0831758,0.996219,
0.691871,0.604915,0.517958,0.431002,0.344045,0.257089,0.170132,0.0831758,0.996219,0.909263,0.822306,0.73535,0.648393,0.561437,0.47448,0.387524,0.300567,0.213611,0.126654,0.0396975,
0.73535,0.648393,0.561437,0.47448,0.387524,0.300567,0.213611,0.126654,0.0396975,0.952741,0.865784,0.778828,0.691871,0.604915,0.517958,0.431002,0.344045,0.257089,0.170132,0.0831758,
0.778828,0.691871,0.604915,0.517958,0.431002,0.344045,0.257089,0.170132,0.0831758,0.996219,0.909263,0.822306,0.73535,0.648393,0.561437,0.47448,0.387524,0.300567,0.213611,0.126654,
0.822306,0.73535,0.648393,0.561437,0.47448,0.387524,0.300567,0.213611,0.126654,0.0396975,0.952741,0.865784,0.778828,0.691871,0.604915,0.517958,0.431002,0.344045,0.257089,0.170132,
0.865784,0.778828,0.691871,0.604915,0.517958,0.431002,0.344045,0.257089,0.170132,0.0831758,0.996219,0.909263,0.822306,0.73535,0.648393,0.561437,0.47448,0.387524,0.300567,0.213611,
0.909263,0.822306,0.73535,0.648393,0.561437,0.47448,0.387524,0.300567,0.213611,0.126654,0.0396975,0.952741,0.865784,0.778828,0.691871,0.604915,0.517958,0.431002,0.344045,0.257089,
0.952741,0.865784,0.778828,0.691871,0.604915,0.517958,0.431002,0.344045,0.257089,0.170132,0.0831758,0.996219,0.909263,0.822306,0.73535,0.648393,0.561437,0.47448,0.387524,0.300567,
0.996219,0.909263,0.822306,0.73535,0.648393,0.561437,0.47448,0.387524,0.300567,0.213611,0.126654,0.0396975,0.952741,0.865784,0.778828,0.691871,0.604915,0.517958,0.431002,0.344045,
0.0415879,0.99811,0.954631,0.911153,0.867675,0.824197,0.780718,0.73724,0.693762,0.650284,0.606805,0.563327,0.519849,0.476371,0.432892,0.389414,0.345936,0.302457,0.258979,0.215501,
0.0850662,0.0415879,0.99811,0.954631,0.911153,0.867675,0.824197,0.780718,0.73724,0.693762,0.650284,0.606805,0.563327,0.519849,0.476371,0.432892,0.389414,0.345936,0.302457,0.258979,
0.128544,0.0850662,0.0415879,0.99811,0.954631,0.911153,0.867675,0.824197,0.780718,0.73724,0.693762,0.650284,0.606805,0.563327,0.519849,0.476371,0.432892,0.389414,0.345936,0.302457,
0.172023,0.128544,0.0850662,0.0415879,0.99811,0.954631,0.911153,0.867675,0.824197,0.780718,0.73724,0.693762,0.650284,0.606805,0.563327,0.519849,0.476371,0.432892,0.389414,0.345936,
0.215501,0.172023,0.128544,0.0850662,0.0415879,0.99811,0.954631,0.911153,0.867675,0.824197,0.780718,0.73724,0.693762,0.650284,0.606805,0.563327,0.519849,0.476371,0.432892,0.389414,
0.258979,0.215501,0.172023,0.128544,0.0850662,0.0415879,0.99811,0.954631,0.911153,0.867675,0.824197,0.780718,0.73724,0.693762,0.650284,0.606805,0.563327,0.519849,0.476371,0.432892,
0.302457,0.258979,0.215501,0.172023,0.128544,0.0850662,0.0415879,0.99811,0.954631,0.911153,0.867675,0.824197,0.780718,0.73724,0.693762,0.650284,0.606805,0.563327,0.519849,0.476371,
0.345936,0.302457,0.258979,0.215501,0.172023,0.128544,0.0850662,0.0415879,0.99811,0.954631,0.911153,0.867675,0.824197,0.780718,0.73724,0.693762,0.650284,0.606805,0.563327,0.519849,
0.389414,0.345936,0.302457,0.258979,0.215501,0.172023,0.128544,0.0850662,0.0415879,0.99811,0.954631,0.911153,0.867675,0.824197,0.780718,0.73724,0.693762,0.650284,0.606805,0.563327,
0.432892,0.389414,0.345936,0.302457,0.258979,0.215501,0.172023,0.128544,0.0850662,0.0415879,0.99811,0.954631,0.911153,0.867675,0.824197,0.780718,0.73724,0.693762,0.650284,0.606805,
0.476371,0.432892,0.389414,0.345936,0.302457,0.258979,0.215501,0.172023,0.128544,0.0850662,0.0415879,0.99811,0.954631,0.911153,0.867675,0.824197,0.780718,0.73724,0.693762,0.650284,
0.519849,0.476371,0.432892,0.389414,0.345936,0.302457,0.258979,0.215501,0.172023,0.128544,0.0850662,0.0415879,0.99811,0.954631,0.911153,0.867675,0.824197,0.780718,0.73724,0.693762,
0.563327,0.519849,0.476371,0.432892,0.389414,0.345936,0.302457,0.258979,0.215501,0.172023,0.128544,0.0850662,0.0415879,0.99811,0.954631,0.911153,0.867675,0.824197,0.780718,0.73724,
0.606805,0.563327,0.519849,0.476371,0.432892,0.389414,0.345936,0.302457,0.258979,0.215501,0.172023,0.128544,0.0850662,0.0415879,0.99811,0.954631,0.911153,0.867675,0.824197,0.780718,
0.650284,0.606805,0.563327,0.519849,0.476371,0.432892,0.389414,0.345936,0.302457,0.258979,0.215501,0.172023,0.128544,0.0850662,0.0415879,0.99811,0.954631,0.911153,0.867675,0.824197,
0.693762,0.650284,0.606805,0.563327,0.519849,0.476371,0.432892,0.389414,0.345936,0.302457,0.258979,0.215501,0.172023,0.128544,0.0850662,0.0415879,0.99811,0.954631,0.911153,0.867675,
0.73724,0.693762,0.650284,0.606805,0.563327,0.519849,0.476371,0.432892,0.389414,0.345936,0.302457,0.258979,0.215501,0.172023,0.128544,0.0850662,0.0415879,0.99811,0.954631,0.911153,
0.780718,0.73724,0.693762,0.650284,0.606805,0.563327,0.519849,0.476371,0.432892,0.389414,0.345936,0.302457,0.258979,0.215501,0.172023,0.128544,0.0850662,0.0415879,0.99811,0.954631,
0.824197,0.780718,0.73724,0.693762,0.650284,0.606805,0.563327,0.519849,0.476371,0.432892,0.389414,0.345936,0.302457,0.258979,0.215501,0.172023,0.128544,0.0850662,0.0415879,0.99811,
0.867675,0.824197,0.780718,0.73724,0.693762,0.650284,0.606805,0.563327,0.519849,0.476371,0.432892,0.389414,0.345936,0.302457,0.258979,0.215501,0.172023,0.128544,0.0850662,0.0415879,
0.911153,0.867675,0.824197,0.780718,0.73724,0.693762,0.650284,0.606805,0.563327,0.519849,0.476371,0.432892,0.389414,0.345936,0.302457,0.258979,0.215501,0.172023,0.128544,0.0850662,
0.954631,0.911153,0.867675,0.824197,0.780718,0.73724,0.693762,0.650284,0.606805,0.563327,0.519849,0.476371,0.432892,0.389414,0.345936,0.302457,0.258979,0.215501,0.172023,0.128544,
0.99811,0.954631,0.911153,0.867675,0.824197,0.780718,0.73724,0.693762,0.650284,0.606805,0.563327,0.519849,0.476371,0.432892,0.389414,0.345936,0.302457,0.258979,0.215501,0.172023,
8.21895e-05,0.0473412,0.181557,0.402729,0.710857,0.105942,0.587984,0.156982,0.812937,0.555848,0.385715,0.30254,0.262842,0.353579,0.531273,0.795923,0.14753,0.586094,0.111613,0.72409,
