500,10
0.0909091,0.0909091,0.0909091,0.0909091,0.0909091,0.0909091,0.0909091,0.0909091,0.0909091,0.0909091,
0.181818,0.181818,0.181818,0.181818,0.181818,0.181818,0.181818,0.181818,0.181818,0.181818,
0.272727,0.272727,0.272727,0.272727,0.272727,0.272727,0.272727,0.272727,0.272727,0.272727,
0.363636,0.363636,0.363636,0.363636,0.363636,0.363636,0.363636,0.363636,0.363636,0.363636,
0.454545,0.454545,0.454545,0.454545,0.454545,0.454545,0.454545,0.454545,0.454545,0.454545,
0.545455,0.545455,0.545455,0.545455,0.545455,0.545455,0.545455,0.545455,0.545455,0.545455,
0.636364,0.636364,0.636364,0.636364,0.636364,0.636364,0.636364,0.636364,0.636364,0.636364,
0.727273,0.727273,0.727273,0.727273,0.727273,0.727273,0.727273,0.727273,0.727273,0.727273,
0.818182,0.818182,0.818182,0.818182,0.818182,0.818182,0.818182,0.818182,0.818182,0.818182,
0.909091,0.909091,0.909091,0.909091,0.909091,0.909091,0.909091,0.909091,0.909091,0.909091,
0.00826446,0.0991736,0.190083,0.280992,0.371901,0.46281,0.553719,0.644628,0.735537,0.826446,
0.0991736,0.190083,0.280992,0.371901,0.46281,0.553719,0.644628,0.735537,0.826446,0.917355,
0.190083,0.280992,0.371901,0.46281,0.553719,0.644628,0.735537,0.826446,0.917355,0.00826446,
0.280992,0.371901,0.46281,0.553719,0.644628,0.735537,0.826446,0.917355,0.00826446,0.0991736,
0.371901,0.46281,0.553719,0.644628,0.735537,0.826446,0.917355,0.00826446,0.0991736,0.190083,
0.46281,0.553719,0.644628,0.735537,0.826446,0.917355,0.00826446,0.0991736,0.190083,0.280992,
0.553719,0.644628,0.735537,0.826446,0.917355,0.00826446,0.0991736,0.190083,0.280992,0.371901,
0.644628,0.735537,0.826446,0.917355,0.00826446,0.0991736,0.190083,0.280992,0.371901,0.46281,
0.735537,0.826446,0.917355,0.00826446,0.0991736,0.190083,0.280992,0.371901,0.46281,0.553719,
0.826446,0.917355,0.00826446,0.0991736,0.190083,0.280992,0.371901,0.46281,0.553719,0.644628,
0.917355,0.00826446,0.0991736,0.190083,0.280992,0.371901,0.46281,0.553719,0.644628,0.735537,
0.0165289,0.198347,0.380165,0.561983,0.743802,0.92562,0.107438,0.289256,0.471074,0.652893,
0.107438,0.289256,0.471074,0.652893,0.834711,0.0165289,0.198347,0.380165,0.561983,0.743802,
0.198347,0.380165,0.561983,0.743802,0.92562,0.107438,0.289256,0.471074,0.652893,0.834711,
0.289256,0.471074,0.652893,0.834711,0.0165289,0.198347,0.380165,0.561983,0.743802,0.92562,
0.380165,0.561983,0.743802,0.92562,0.107438,0.289256,0.471074,0.652893,0.834711,0.0165289,
0.471074,0.652893,0.834711,0.0165289,0.198347,0.380165,0.561983,0.743802,0.92562,0.107438,
0.561983,0.743802,0.92562,0.107438,0.289256,0.471074,0.652893,0.834711,0.0165289,0.198347,
0.652893,0.834711,0.0165289,0.198347,0.380165,0.561983,0.743802,0.92562,0.107438,0.289256,
0.743802,0.92562,0.107438,0.289256,0.471074,0.652893,0.834711,0.0165289,0.198347,0.380165,
0.834711,0.0165289,0.198347,0.380165,0.561983,0.743802,0.92562,0.107438,0.289256,0.471074,
0.92562,0.107438,0.289256,0.471074,0.652893,0.834711,0.0165289,0.198347,0.380165,0.561983,
0.0247934,0.297521,0.570248,0.842975,0.115702,0.38843,0.661157,0.933884,0.206612,0.479339,
0.115702,0.38843,0.661157,0.933884,0.206612,0.479339,0.752066,0.0247934,0.297521,0.570248,
0.206612,0.479339,0.752066,0.0247934,0.297521,0.570248,0.842975,0.115702,0.38843,0.661157,
0.297521,0.570248,0.842975,0.115702,0.38843,0.661157,0.933884,0.206612,0.479339,0.752066,
0.38843,0.661157,0.933884,0.206612,0.479339,0.752066,0.0247934,0.297521,0.570248,0.842975,
0.479339,0.752066,0.0247934,0.297521,0.570248,0.842975,0.115702,0.38843,0.661157,0.933884,
0.570248,0.842975,0.115702,0.38843,0.661157,0.933884,0.206612,0.479339,0.752066,0.0247934,
0.661157,0.933884,0.206612,0.479339,0.752066,0.0247934,0.297521,0.570248,0.842975,0.115702,
0.752066,0.0247934,0.297521,0.570248,0.842975,0.115702,0.38843,0.661157,0.933884,0.206612,
0.842975,0.115702,0.38843,0.661157,0.933884,0.206612,0.479339,0.752066,0.0247934,0.297521,
0.933884,0.206612,0.479339,0.752066,0.0247934,0.297521,0.570248,0.842975,0.115702,0.38843,
0.0330579,0.396694,0.760331,0.123967,0.487603,0.85124,0.214876,0.578512,0.942149,0.305785,
0.123967,0.487603,0.85124,0.214876,0.578512,0.942149,0.305785,0.669421,0.0330579,0.396694,
0.214876,0.578512,0.942149,0.305785,0.669421,0.0330579,0.396694,0.760331,0.123967,0.487603,
0.305785,0.669421,0.0330579,0.396694,0.760331,0.123967,0.487603,0.85124,0.214876,0.578512,
0.396694,0.760331,0.123967,0.487603,0.85124,0.214876,0.578512,0.942149,0.305785,0.669421,
0.487603,0.85124,0.214876,0.578512,0.942149,0.305785,0.669421,0.0330579,0.396694,0.760331,
0.578512,0.942149,0.305785,0.669421,0.0330579,0.396694,0.760331,0.123967,0.487603,0.85124,
0.669421,0.0330579,0.396694,0.760331,0.123967,0.487603,0.85124,0.214876,0.578512,0.942149,
0.760331,0.123967,0.487603,0.85124,0.214876,0.578512,0.942149,0.305785,0.669421,0.0330579,
0.85124,0.214876,0.578512,0.942149,0.305785,0.669421,0.0330579,0.396694,0.760331,0.123967,
0.942149,0.305785,0.669421,0.0330579,0.396694,0.760331,0.123967,0.487603,0.85124,0.214876,
0.0413223,0.495868,0.950413,0.404959,0.859504,0.31405,0.768595,0.22314,0.677686,0.132231,
0.132231,0.586777,0.0413223,0.495868,0.950413,0.404959,0.859504,0.31405,0.768595,0.22314,
0.22314,0.677686,0.132231,0.586777,0.0413223,0.495868,0.950413,0.404959,0.859504,0.31405,
0.31405,0.768595,0.22314,0.677686,0.132231,0.586777,0.0413223,0.495868,0.950413,0.404959,
0.404959,0.859504,0.31405,0.768595,0.22314,0.677686,0.132231,0.586777,0.0413223,0.495868,
0.495868,0.950413,0.404959,0.859504,0.31405,0.768595,0.22314,0.677686,0.132231,0.586777,
0.586777,0.0413223,0.495868,0.950413,0.404959,0.859504,0.31405,0.768595,0.22314,0.677686,
0.677686,0.132231,0.586777,0.0413223,0.495868,0.950413,0.404959,0.859504,0.31405,0.768595,
0.768595,0.22314,0.677686,0.132231,0.586777,0.0413223,0.495868,0.950413,0.404959,0.859504,
0.859504,0.31405,0.768595,0.22314,0.677686,0.132231,0.586777,0.0413223,0.495868,0.950413,
0.950413,0.404959,0.859504,0.31405,0.768595,0.22314,0.677686,0.132231,0.586777,0.0413223,
0.0495868,0.595041,0.140496,0.68595,0.231405,0.77686,0.322314,0.867769,0.413223,0.958678,
0.140496,0.68595,0.231405,0.77686,0.322314,0.867769,0.413223,0.958678,0.504132,0.0495868,
0.231405,0.77686,0.322314,0.867769,0.413223,0.958678,0.504132,0.0495868,0.595041,0.140496,
0.322314,0.867769,0.413223,0.958678,0.504132,0.0495868,0.595041,0.140496,0.68595,0.231405,
0.413223,0.958678,0.504132,0.0495868,0.595041,0.140496,0.68595,0.231405,0.77686,0.322314,
0.504132,0.0495868,0.595041,0.140496,0.68595,0.231405,0.77686,0.322314,0.867769,0.413223,
0.595041,0.140496,0.68595,0.231405,0.77686,0.322314,0.867769,0.413223,0.958678,0.504132,
0.68595,0.231405,0.77686,0.322314,0.867769,0.413223,0.958678,0.504132,0.0495868,0.595041,
0.77686,0.322314,0.867769,0.413223,0.958678,0.504132,0.0495868,0.595041,0.140496,0.68595,
0.867769,0.413223,0.958678,0.504132,0.0495868,0.595041,0.140496,0.68595,0.231405,0.77686,
0.958678,0.504132,0.0495868,0.595041,0.140496,0.68595,0.231405,0.77686,0.322314,0.867769,
0.0578512,0.694215,0.330579,0.966942,0.603306,0.239669,0.876033,0.512397,0.14876,0.785124,
0.14876,0.785124,0.421488,0.0578512,0.694215,0.330579,0.966942,0.603306,0.239669,0.876033,
0.239669,0.876033,0.512397,0.14876,0.785124,0.421488,0.0578512,0.694215,0.330579,0.966942,
0.330579,0.966942,0.603306,0.239669,0.876033,0.512397,0.14876,0.785124,0.421488,0.0578512,
0.421488,0.0578512,0.694215,0.330579,0.966942,0.603306,0.239669,0.876033,0.512397,0.14876,
0.512397,0.14876,0.785124,0.421488,0.0578512,0.694215,0.330579,0.966942,0.603306,0.239669,
0.603306,0.239669,0.876033,0.512397,0.14876,0.785124,0.421488,0.0578512,0.694215,0.330579,
0.694215,0.330579,0.966942,0.603306,0.239669,0.876033,0.512397,0.14876,0.785124,0.421488,
0.785124,0.421488,0.0578512,0.694215,0.330579,0.966942,0.603306,0.239669,0.876033,0.512397,
0.876033,0.512397,0.14876,0.785124,0.421488,0.0578512,0.694215,0.330579,0.966942,0.603306,
0.966942,0.603306,0.239669,0.876033,0.512397,0.14876,0.785124,0.421488,0.0578512,0.694215,
0.0661157,0.793388,0.520661,0.247934,0.975207,0.702479,0.429752,0.157025,0.884298,0.61157,
0.157025,0.884298,0.61157,0.338843,0.0661157,0.793388,0.520661,0.247934,0.975207,0.702479,
0.247934,0.975207,0.702479,0.429752,0.157025,0.884298,0.61157,0.338843,0.0661157,0.793388,
0.338843,0.0661157,0.793388,0.520661,0.247934,0.975207,0.702479,0.429752,0.157025,0.884298,
0.429752,0.157025,0.884298,0.61157,0.338843,0.0661157,0.793388,0.520661,0.247934,0.975207,
0.520661,0.247934,0.975207,0.702479,0.429752,0.157025,0.884298,0.61157,0.338843,0.0661157,
0.61157,0.338843,0.0661157,0.793388,0.520661,0.247934,0.975207,0.702479,0.429752,0.157025,
0.702479,0.429752,0.157025,0.884298,0.61157,0.338843,0.0661157,0.793388,0.520661,0.247934,
0.793388,0.520661,0.247934,0.975207,0.702479,0.429752,0.157025,0.884298,0.61157,0.338843,
0.884298,0.61157,0.338843,0.0661157,0.793388,0.520661,0.247934,0.975207,0.702479,0.429752,
0.975207,0.702479,0.429752,0.157025,0.884298,0.61157,0.338843,0.0661157,0.793388,0.520661,
0.0743802,0.892562,0.710744,0.528926,0.347107,0.165289,0.983471,0.801653,0.619835,0.438017,
0.165289,0.983471,0.801653,0.619835,0.438017,0.256198,0.0743802,0.892562,0.710744,0.528926,
0.256198,0.0743802,0.892562,0.710744,0.528926,0.347107,0.165289,0.983471,0.801653,0.619835,
0.347107,0.165289,0.983471,0.801653,0.619835,0.438017,0.256198,0.0743802,0.892562,0.710744,
0.438017,0.256198,0.0743802,0.892562,0.710744,0.528926,0.347107,0.165289,0.983471,0.801653,
0.528926,0.347107,0.165289,0.983471,0.801653,0.619835,0.438017,0.256198,0.0743802,0.892562,
0.619835,0.438017,0.256198,0.0743802,0.892562,0.710744,0.528926,0.347107,0.165289,0.983471,
0.710744,0.528926,0.347107,0.165289,0.983471,0.801653,0.619835,0.438017,0.256198,0.0743802,
0.801653,0.619835,0.438017,0.256198,0.0743802,0.892562,0.710744,0.528926,0.347107,0.165289,
0.892562,0.710744,0.528926,0.347107,0.165289,0.983471,0.801653,0.619835,0.438017,0.256198,
0.983471,0.801653,0.619835,0.438017,0.256198,0.0743802,0.892562,0.710744,0.528926,0.347107,
0.0826446,0.991736,0.900826,0.809917,0.719008,0.628099,0.53719,0.446281,0.355372,0.264463,
0.173554,0.0826446,0.991736,0.900826,0.809917,0.719008,0.628099,0.53719,0.446281,0.355372,
0.264463,0.173554,0.0826446,0.991736,0.900826,0.809917,0.719008,0.628099,0.53719,0.446281,
0.355372,0.264463,0.173554,0.0826446,0.991736,0.900826,0.809917,0.719008,0.628099,0.53719,
0.446281,0.355372,0.264463,0.173554,0.0826446,0.991736,0.900826,0.809917,0.719008,0.628099,
0.53719,0.446281,0.355372,0.264463,0.173554,0.0826446,0.991736,0.900826,0.809917,0.719008,
0.628099,0.53719,0.446281,0.355372,0.264463,0.173554,0.0826446,0.991736,0.900826,0.809917,
0.719008,0.628099,0.53719,0.446281,0.355372,0.264463,0.173554,0.0826446,0.991736,0.900826,
0.809917,0.719008,0.628099,0.53719,0.446281,0.355372,0.264463,0.173554,0.0826446,0.991736,
0.900826,0.809917,0.719008,0.628099,0.53719,0.446281,0.355372,0.264463,0.173554,0.0826446,
0.991736,0.900826,0.809917,0.719008,0.628099,0.53719,0.446281,0.355372,0.264463,0.173554,
0.000751315,0.108189,0.397446,0.86852,0.521412,0.356123,0.281743,0.48009,0.860255,0.422239,
0.0916604,0.199098,0.488355,0.959429,0.612322,0.447032,0.372652,0.570999,0.951165,0.513148,
0.182569,0.290008,0.579264,0.0503381,0.703231,0.537941,0.463561,0.661908,0.0420736,0.604057,
0.273479,0.380917,0.670173,0.141247,0.79414,0.62885,0.55447,0.752817,0.132983,0.694966,
0.364388,0.471826,0.761082,0.232156,0.885049,0.71976,0.645379,0.843727,0.223892,0.785875,
0.455297,0.562735,0.851991,0.323065,0.975958,0.810669,0.736289,0.934636,0.314801,0.876784,
0.546206,0.653644,0.9429,0.413974,0.066867,0.901578,0.827198,0.0255447,0.40571,0.967693,
0.637115,0.744553,0.0338092,0.504884,0.157776,0.992487,0.918107,0.116454,0.496619,0.0586026,
0.728024,0.835462,0.124718,0.595793,0.248685,0.0833959,0.00901578,0.207363,0.587528,0.149512,
0.818933,0.926371,0.215627,0.686702,0.339594,0.174305,0.0999249,0.298272,0.678437,0.240421,
0.909842,0.0172802,0.306536,0.777611,0.430503,0.265214,0.190834,0.389181,0.769346,0.33133,
0.00901578,0.207363,0.587528,0.149512,0.893313,0.728024,0.835462,0.124718,0.595793,0.248685,
0.0999249,0.298272,0.678437,0.240421,0.984222,0.818933,0.926371,0.215627,0.686702,0.339594,
0.190834,0.389181,0.769346,0.33133,0.0751315,0.909842,0.0172802,0.306536,0.777611,0.430503,
0.281743,0.48009,0.860255,0.422239,0.166041,0.000751315,0.108189,0.397446,0.86852,0.521412,
0.372652,0.570999,0.951165,0.513148,0.25695,0.0916604,0.199098,0.488355,0.959429,0.612322,
0.463561,0.661908,0.0420736,0.604057,0.347859,0.182569,0.290008,0.579264,0.0503381,0.703231,
0.55447,0.752817,0.132983,0.694966,0.438768,0.273479,0.380917,0.670173,0.141247,0.79414,
0.645379,0.843727,0.223892,0.785875,0.529677,0.364388,0.471826,0.761082,0.232156,0.885049,
0.736289,0.934636,0.314801,0.876784,0.620586,0.455297,0.562735,0.851991,0.323065,0.975958,
0.827198,0.0255447,0.40571,0.967693,0.711495,0.546206,0.653644,0.9429,0.413974,0.066867,
0.918107,0.116454,0.496619,0.0586026,0.802404,0.637115,0.744553,0.0338092,0.504884,0.157776,
0.0172802,0.306536,0.777611,0.430503,0.265214,0.190834,0.389181,0.769346,0.33133,0.0751315,
0.108189,0.397446,0.86852,0.521412,0.356123,0.281743,0.48009,0.860255,0.422239,0.166041,
0.199098,0.488355,0.959429,0.612322,0.447032,0.372652,0.570999,0.951165,0.513148,0.25695,
0.290008,0.579264,0.0503381,0.703231,0.537941,0.463561,0.661908,0.0420736,0.604057,0.347859,
0.380917,0.670173,0.141247,0.79414,0.62885,0.55447,0.752817,0.132983,0.694966,0.438768,
0.471826,0.761082,0.232156,0.885049,0.71976,0.645379,0.843727,0.223892,0.785875,0.529677,
0.562735,0.851991,0.323065,0.975958,0.810669,0.736289,0.934636,0.314801,0.876784,0.620586,
0.653644,0.9429,0.413974,0.066867,0.901578,0.827198,0.0255447,0.40571,0.967693,0.711495,
0.744553,0.0338092,0.504884,0.157776,0.992487,0.918107,0.116454,0.496619,0.0586026,0.802404,
0.835462,0.124718,0.595793,0.248685,0.0833959,0.00901578,0.207363,0.587528,0.149512,0.893313,
0.926371,0.215627,0.686702,0.339594,0.174305,0.0999249,0.298272,0.678437,0.240421,0.984222,
0.0255447,0.40571,0.967693,0.711495,0.546206,0.653644,0.9429,0.413974,0.066867,0.901578,
0.116454,0.496619,0.0586026,0.802404,0.637115,0.744553,0.0338092,0.504884,0.157776,0.992487,
0.207363,0.587528,0.149512,0.893313,0.728024,0.835462,0.124718,0.595793,0.248685,0.0833959,
0.298272,0.678437,0.240421,0.984222,0.818933,0.926371,0.215627,0.686702,0.339594,0.174305,
0.389181,0.769346,0.33133,0.0751315,0.909842,0.0172802,0.306536,0.777611,0.430503,0.265214,
0.48009,0.860255,0.422239,0.166041,0.000751315,0.108189,0.397446,0.86852,0.521412,0.356123,
0.570999,0.951165,0.513148,0.25695,0.0916604,0.199098,0.488355,0.959429,0.612322,0.447032,
0.661908,0.0420736,0.604057,0.347859,0.182569,0.290008,0.579264,0.0503381,0.703231,0.537941,
0.752817,0.132983,0.694966,0.438768,0.273479,0.380917,0.670173,0.141247,0.79414,0.62885,
0.843727,0.223892,0.785875,0.529677,0.364388,0.471826,0.761082,0.232156,0.885049,0.71976,
0.934636,0.314801,0.876784,0.620586,0.455297,0.562735,0.851991,0.323065,0.975958,0.810669,
0.0338092,0.504884,0.157776,0.992487,0.918107,0.116454,0.496619,0.0586026,0.802404,0.637115,
0.124718,0.595793,0.248685,0.0833959,0.00901578,0.207363,0.587528,0.149512,0.893313,0.728024,
0.215627,0.686702,0.339594,0.174305,0.0999249,0.298272,0.678437,0.240421,0.984222,0.818933,
0.306536,0.777611,0.430503,0.265214,0.190834,0.389181,0.769346,0.33133,0.0751315,0.909842,
0.397446,0.86852,0.521412,0.356123,0.281743,0.48009,0.860255,0.422239,0.166041,0.000751315,
0.488355,0.959429,0.612322,0.447032,0.372652,0.570999,0.951165,0.513148,0.25695,0.0916604,
0.579264,0.0503381,0.703231,0.537941,0.463561,0.661908,0.0420736,0.604057,0.347859,0.182569,
0.670173,0.141247,0.79414,0.62885,0.55447,0.752817,0.132983,0.694966,0.438768,0.273479,
0.761082,0.232156,0.885049,0.71976,0.645379,0.843727,0.223892,0.785875,0.529677,0.364388,
0.851991,0.323065,0.975958,0.810669,0.736289,0.934636,0.314801,0.876784,0.620586,0.455297,
0.9429,0.413974,0.066867,0.901578,0.827198,0.0255447,0.40571,0.967693,0.711495,0.546206,
0.0420736,0.604057,0.347859,0.182569,0.290008,0.579264,0.0503381,0.703231,0.537941,0.463561,
0.132983,0.694966,0.438768,0.273479,0.380917,0.670173,0.141247,0.79414,0.62885,0.55447,
0.223892,0.785875,0.529677,0.364388,0.471826,0.761082,0.232156,0.885049,0.71976,0.645379,
0.314801,0.876784,0.620586,0.455297,0.562735,0.851991,0.323065,0.975958,0.810669,0.736289,
0.40571,0.967693,0.711495,0.546206,0.653644,0.9429,0.413974,0.066867,0.901578,0.827198,
0.496619,0.0586026,0.802404,0.637115,0.744553,0.0338092,0.504884,0.157776,0.992487,0.918107,
0.587528,0.149512,0.893313,0.728024,0.835462,0.124718,0.595793,0.248685,0.0833959,0.00901578,
0.678437,0.240421,0.984222,0.818933,0.926371,0.215627,0.686702,0.339594,0.174305,0.0999249,
0.769346,0.33133,0.0751315,0.909842,0.0172802,0.306536,0.777611,0.430503,0.265214,0.190834,
0.860255,0.422239,0.166041,0.000751315,0.108189,0.397446,0.86852,0.521412,0.356123,0.281743,
0.951165,0.513148,0.25695,0.0916604,0.199098,0.488355,0.959429,0.612322,0.447032,0.372652,
0.0503381,0.703231,0.537941,0.463561,0.661908,0.0420736,0.604057,0.347859,0.182569,0.290008,
0.141247,0.79414,0.62885,0.55447,0.752817,0.132983,0.694966,0.438768,0.273479,0.380917,
0.232156,0.885049,0.71976,0.645379,0.843727,0.223892,0.785875,0.529677,0.364388,0.471826,
0.323065,0.975958,0.810669,0.736289,0.934636,0.314801,0.876784,0.620586,0.455297,0.562735,
0.413974,0.066867,0.901578,0.827198,0.0255447,0.40571,0.967693,0.711495,0.546206,0.653644,
0.504884,0.157776,0.992487,0.918107,0.116454,0.496619,0.0586026,0.802404,0.637115,0.744553,
0.595793,0.248685,0.0833959,0.00901578,0.207363,0.587528,0.149512,0.893313,0.728024,0.835462,
0.686702,0.339594,0.174305,0.0999249,0.298272,0.678437,0.240421,0.984222,0.818933,0.926371,
0.777611,0.430503,0.265214,0.190834,0.389181,0.769346,0.33133,0.0751315,0.909842,0.0172802,
0.86852,0.521412,0.356123,0.281743,0.48009,0.860255,0.422239,0.166041,0.000751315,0.108189,
0.959429,0.612322,0.447032,0.372652,0.570999,0.951165,0.513148,0.25695,0.0916604,0.199098,
0.0586026,0.802404,0.637115,0.744553,0.0338092,0.504884,0.157776,0.992487,0.918107,0.116454,
0.149512,0.893313,0.728024,0.835462,0.124718,0.595793,0.248685,0.0833959,0.00901578,0.207363,
0.240421,0.984222,0.818933,0.926371,0.215627,0.686702,0.339594,0.174305,0.0999249,0.298272,
0.33133,0.0751315,0.909842,0.0172802,0.306536,0.777611,0.430503,0.265214,0.190834,0.389181,
0.422239,0.166041,0.000751315,0.108189,0.397446,0.86852,0.521412,0.356123,0.281743,0.48009,
0.513148,0.25695,0.0916604,0.199098,0.488355,0.959429,0.612322,0.447032,0.372652,0.570999,
0.604057,0.347859,0.182569,0.290008,0.579264,0.0503381,0.703231,0.537941,0.463561,0.661908,
0.694966,0.438768,0.273479,0.380917,0.670173,0.141247,0.79414,0.62885,0.55447,0.752817,
0.785875,0.529677,0.364388,0.471826,0.761082,0.232156,0.885049,0.71976,0.645379,0.843727,
0.876784,0.620586,0.455297,0.562735,0.851991,0.323065,0.975958,0.810669,0.736289,0.934636,
0.967693,0.711495,0.546206,0.653644,0.9429,0.413974,0.066867,0.901578,0.827198,0.0255447,
0.066867,0.901578,0.827198,0.0255447,0.40571,0.967693,0.711495,0.546206,0.653644,0.9429,
0.157776,0.992487,0.918107,0.116454,0.496619,0.0586026,0.802404,0.637115,0.744553,0.0338092,
0.248685,0.0833959,0.00901578,0.207363,0.587528,0.149512,0.893313,0.728024,0.835462,0.124718,
0.339594,0.174305,0.0999249,0.298272,0.678437,0.240421,0.984222,0.818933,0.926371,0.215627,
0.430503,0.265214,0.190834,0.389181,0.769346,0.33133,0.0751315,0.909842,0.0172802,0.306536,
0.521412,0.356123,0.281743,0.48009,0.860255,0.422239,0.166041,0.000751315,0.108189,0.397446,
0.612322,0.447032,0.372652,0.570999,0.951165,0.513148,0.25695,0.0916604,0.199098,0.488355,
0.703231,0.537941,0.463561,0.661908,0.0420736,0.604057,0.347859,0.182569,0.290008,0.579264,
0.79414,0.62885,0.55447,0.752817,0.132983,0.694966,0.438768,0.273479,0.380917,0.670173,
0.885049,0.71976,0.645379,0.843727,0.223892,0.785875,0.529677,0.364388,0.471826,0.761082,
0.975958,0.810669,0.736289,0.934636,0.314801,0.876784,0.620586,0.455297,0.562735,0.851991,
0.0751315,0.909842,0.0172802,0.306536,0.777611,0.430503,0.265214,0.190834,0.389181,0.769346,
0.166041,0.000751315,0.108189,0.397446,0.86852,0.521412,0.356123,0.281743,0.48009,0.860255,
0.25695,0.0916604,0.199098,0.488355,0.959429,0.612322,0.447032,0.372652,0.570999,0.951165,
0.347859,0.182569,0.290008,0.579264,0.0503381,0.703231,0.537941,0.463561,0.661908,0.0420736,
0.438768,0.273479,0.380917,0.670173,0.141247,0.79414,0.62885,0.55447,0.752817,0.132983,
0.529677,0.364388,0.471826,0.761082,0.232156,0.885049,0.71976,0.645379,0.843727,0.223892,
0.620586,0.455297,0.562735,0.851991,0.323065,0.975958,0.810669,0.736289,0.934636,0.314801,
0.711495,0.546206,0.653644,0.9429,0.413974,0.066867,0.901578,0.827198,0.0255447,0.40571,
0.802404,0.637115,0.744553,0.0338092,0.504884,0.157776,0.992487,0.918107,0.116454,0.496619,
0.893313,0.728024,0.835462,0.124718,0.595793,0.248685,0.0833959,0.00901578,0.207363,0.587528,
0.984222,0.818933,0.926371,0.215627,0.686702,0.339594,0.174305,0.0999249,0.298272,0.678437,
0.0833959,0.00901578,0.207363,0.587528,0.149512,0.893313,0.728024,0.835462,0.124718,0.595793,
0.174305,0.0999249,0.298272,0.678437,0.240421,0.984222,0.818933,0.926371,0.215627,0.686702,
0.265214,0.190834,0.389181,0.769346,0.33133,0.0751315,0.909842,0.0172802,0.306536,0.777611,
0.356123,0.281743,0.48009,0.860255,0.422239,0.166041,0.000751315,0.108189,0.397446,0.86852,
0.447032,0.372652,0.570999,0.951165,0.513148,0.25695,0.0916604,0.199098,0.488355,0.959429,
0.537941,0.463561,0.661908,0.0420736,0.604057,0.347859,0.182569,0.290008,0.579264,0.0503381,
0.62885,0.55447,0.752817,0.132983,0.694966,0.438768,0.273479,0.380917,0.670173,0.141247,
0.71976,0.645379,0.843727,0.223892,0.785875,0.529677,0.364388,0.471826,0.761082,0.232156,
0.810669,0.736289,0.934636,0.314801,0.876784,0.620586,0.455297,0.562735,0.851991,0.323065,
0.901578,0.827198,0.0255447,0.40571,0.967693,0.711495,0.546206,0.653644,0.9429,0.413974,
0.992487,0.918107,0.116454,0.496619,0.0586026,0.802404,0.637115,0.744553,0.0338092,0.504884,
0.00150263,0.216379,0.794891,0.646131,0.951916,0.621337,0.563486,0.96018,0.720511,0.753569,
0.0924117,0.307288,0.8858,0.73704,0.0428249,0.712246,0.654395,0.0510894,0.81142,0.844478,
0.183321,0.398197,0.976709,0.827949,0.133734,0.803156,0.745304,0.141998,0.902329,0.935387,
0.27423,0.489106,0.0676183,0.918858,0.224643,0.894065,0.836213,0.232908,0.993238,0.026296,
0.365139,0.580015,0.158527,0.00976709,0.315552,0.984974,0.927122,0.323817,0.0841473,0.117205,
0.456048,0.670924,0.249437,0.100676,0.406461,0.0758828,0.0180316,0.414726,0.175056,0.208114,
0.546957,0.761833,0.340346,0.191585,0.49737,0.166792,0.108941,0.505635,0.265965,0.299023,
0.637866,0.852742,0.431255,0.282494,0.588279,0.257701,0.19985,0.596544,0.356875,0.389932,
0.728775,0.943651,0.522164,0.373403,0.679189,0.34861,0.290759,0.687453,0.447784,0.480841,
0.819684,0.0345605,0.613073,0.464313,0.770098,0.439519,0.381668,0.778362,0.538693,0.571751,
0.910594,0.12547,0.703982,0.555222,0.861007,0.530428,0.472577,0.869271,0.629602,0.66266,
0.00976709,0.315552,0.984974,0.927122,0.323817,0.0841473,0.117205,0.604808,0.365139,0.580015,
0.100676,0.406461,0.0758828,0.0180316,0.414726,0.175056,0.208114,0.695718,0.456048,0.670924,
0.191585,0.49737,0.166792,0.108941,0.505635,0.265965,0.299023,0.786627,0.546957,0.761833,
0.282494,0.588279,0.257701,0.19985,0.596544,0.356875,0.389932,0.877536,0.637866,0.852742,
0.373403,0.679189,0.34861,0.290759,0.687453,0.447784,0.480841,0.968445,0.728775,0.943651,
0.464313,0.770098,0.439519,0.381668,0.778362,0.538693,0.571751,0.0593539,0.819684,0.0345605,
0.555222,0.861007,0.530428,0.472577,0.869271,0.629602,0.66266,0.150263,0.910594,0.12547,
0.646131,0.951916,0.621337,0.563486,0.96018,0.720511,0.753569,0.241172,0.00150263,0.216379,
0.73704,0.0428249,0.712246,0.654395,0.0510894,0.81142,0.844478,0.332081,0.0924117,0.307288,
0.827949,0.133734,0.803156,0.745304,0.141998,0.902329,0.935387,0.42299,0.183321,0.398197,
0.918858,0.224643,0.894065,0.836213,0.232908,0.993238,0.026296,0.513899,0.27423,0.489106,
0.0180316,0.414726,0.175056,0.208114,0.695718,0.456048,0.670924,0.249437,0.100676,0.406461,
0.108941,0.505635,0.265965,0.299023,0.786627,0.546957,0.761833,0.340346,0.191585,0.49737,
0.19985,0.596544,0.356875,0.389932,0.877536,0.637866,0.852742,0.431255,0.282494,0.588279,
0.290759,0.687453,0.447784,0.480841,0.968445,0.728775,0.943651,0.522164,0.373403,0.679189,
0.381668,0.778362,0.538693,0.571751,0.0593539,0.819684,0.0345605,0.613073,0.464313,0.770098,
0.472577,0.869271,0.629602,0.66266,0.150263,0.910594,0.12547,0.703982,0.555222,0.861007,
0.563486,0.96018,0.720511,0.753569,0.241172,0.00150263,0.216379,0.794891,0.646131,0.951916,
0.654395,0.0510894,0.81142,0.844478,0.332081,0.0924117,0.307288,0.8858,0.73704,0.0428249,
0.745304,0.141998,0.902329,0.935387,0.42299,0.183321,0.398197,0.976709,0.827949,0.133734,
0.836213,0.232908,0.993238,0.026296,0.513899,0.27423,0.489106,0.0676183,0.918858,0.224643,
0.927122,0.323817,0.0841473,0.117205,0.604808,0.365139,0.580015,0.158527,0.00976709,0.315552,
0.026296,0.513899,0.27423,0.489106,0.0676183,0.918858,0.224643,0.894065,0.836213,0.232908,
0.117205,0.604808,0.365139,0.580015,0.158527,0.00976709,0.315552,0.984974,0.927122,0.323817,
0.208114,0.695718,0.456048,0.670924,0.249437,0.100676,0.406461,0.0758828,0.0180316,0.414726,
0.299023,0.786627,0.546957,0.761833,0.340346,0.191585,0.49737,0.166792,0.108941,0.505635,
0.389932,0.877536,0.637866,0.852742,0.431255,0.282494,0.588279,0.257701,0.19985,0.596544,
0.480841,0.968445,0.728775,0.943651,0.522164,0.373403,0.679189,0.34861,0.290759,0.687453,
0.571751,0.0593539,0.819684,0.0345605,0.613073,0.464313,0.770098,0.439519,0.381668,0.778362,
0.66266,0.150263,0.910594,0.12547,0.703982,0.555222,0.861007,0.530428,0.472577,0.869271,
0.753569,0.241172,0.00150263,0.216379,0.794891,0.646131,0.951916,0.621337,0.563486,0.96018,
0.844478,0.332081,0.0924117,0.307288,0.8858,0.73704,0.0428249,0.712246,0.654395,0.0510894,
0.935387,0.42299,0.183321,0.398197,0.976709,0.827949,0.133734,0.803156,0.745304,0.141998,
0.0345605,0.613073,0.464313,0.770098,0.439519,0.381668,0.778362,0.538693,0.571751,0.0593539,
0.12547,0.703982,0.555222,0.861007,0.530428,0.472577,0.869271,0.629602,0.66266,0.150263,
0.216379,0.794891,0.646131,0.951916,0.621337,0.563486,0.96018,0.720511,0.753569,0.241172,
0.307288,0.8858,0.73704,0.0428249,0.712246,0.654395,0.0510894,0.81142,0.844478,0.332081,
0.398197,0.976709,0.827949,0.133734,0.803156,0.745304,0.141998,0.902329,0.935387,0.42299,
0.489106,0.0676183,0.918858,0.224643,0.894065,0.836213,0.232908,0.993238,0.026296,0.513899,
0.580015,0.158527,0.00976709,0.315552,0.984974,0.927122,0.323817,0.0841473,0.117205,0.604808,
0.670924,0.249437,0.100676,0.406461,0.0758828,0.0180316,0.414726,0.175056,0.208114,0.695718,
0.761833,0.340346,0.191585,0.49737,0.166792,0.108941,0.505635,0.265965,0.299023,0.786627,
0.852742,0.431255,0.282494,0.588279,0.257701,0.19985,0.596544,0.356875,0.389932,0.877536,
0.943651,0.522164,0.373403,0.679189,0.34861,0.290759,0.687453,0.447784,0.480841,0.968445,
0.0428249,0.712246,0.654395,0.0510894,0.81142,0.844478,0.332081,0.0924117,0.307288,0.8858,
0.133734,0.803156,0.745304,0.141998,0.902329,0.935387,0.42299,0.183321,0.398197,0.976709,
0.224643,0.894065,0.836213,0.232908,0.993238,0.026296,0.513899,0.27423,0.489106,0.0676183,
0.315552,0.984974,0.927122,0.323817,0.0841473,0.117205,0.604808,0.365139,0.580015,0.158527,
0.406461,0.0758828,0.0180316,0.414726,0.175056,0.208114,0.695718,0.456048,0.670924,0.249437,
0.49737,0.166792,0.108941,0.505635,0.265965,0.299023,0.786627,0.546957,0.761833,0.340346,
0.588279,0.257701,0.19985,0.596544,0.356875,0.389932,0.877536,0.637866,0.852742,0.431255,
0.679189,0.34861,0.290759,0.687453,0.447784,0.480841,0.968445,0.728775,0.943651,0.522164,
0.770098,0.439519,0.381668,0.778362,0.538693,0.571751,0.0593539,0.819684,0.0345605,0.613073,
0.861007,0.530428,0.472577,0.869271,0.629602,0.66266,0.150263,0.910594,0.12547,0.703982,
0.951916,0.621337,0.563486,0.96018,0.720511,0.753569,0.241172,0.00150263,0.216379,0.794891,
0.0510894,0.81142,0.844478,0.332081,0.0924117,0.307288,0.8858,0.73704,0.0428249,0.712246,
0.141998,0.902329,0.935387,0.42299,0.183321,0.398197,0.976709,0.827949,0.133734,0.803156,
0.232908,0.993238,0.026296,0.513899,0.27423,0.489106,0.0676183,0.918858,0.224643,0.894065,
0.323817,0.0841473,0.117205,0.604808,0.365139,0.580015,0.158527,0.00976709,0.315552,0.984974,
0.414726,0.175056,0.208114,0.695718,0.456048,0.670924,0.249437,0.100676,0.406461,0.0758828,
0.505635,0.265965,0.299023,0.786627,0.546957,0.761833,0.340346,0.191585,0.49737,0.166792,
0.596544,0.356875,0.389932,0.877536,0.637866,0.852742,0.431255,0.282494,0.588279,0.257701,
0.687453,0.447784,0.480841,0.968445,0.728775,0.943651,0.522164,0.373403,0.679189,0.34861,
0.778362,0.538693,0.571751,0.0593539,0.819684,0.0345605,0.613073,0.464313,0.770098,0.439519,
0.869271,0.629602,0.66266,0.150263,0.910594,0.12547,0.703982,0.555222,0.861007,0.530428,
0.96018,0.720511,0.753569,0.241172,0.00150263,0.216379,0.794891,0.646131,0.951916,0.621337,
0.0593539,0.819684,0.0345605,0.613073,0.464313,0.770098,0.439519,0.381668,0.778362,0.538693,
0.150263,0.910594,0.12547,0.703982,0.555222,0.861007,0.530428,0.472577,0.869271,0.629602,
0.241172,0.00150263,0.216379,0.794891,0.646131,0.951916,0.621337,0.563486,0.96018,0.720511,
0.332081,0.0924117,0.307288,0.8858,0.73704,0.0428249,0.712246,0.654395,0.0510894,0.81142,
0.42299,0.183321,0.398197,0.976709,0.827949,0.133734,0.803156,0.745304,0.141998,0.902329,
0.513899,0.27423,0.489106,0.0676183,0.918858,0.224643,0.894065,0.836213,0.232908,0.993238,
0.604808,0.365139,0.580015,0.158527,0.00976709,0.315552,0.984974,0.927122,0.323817,0.0841473,
0.695718,0.456048,0.670924,0.249437,0.100676,0.406461,0.0758828,0.0180316,0.414726,0.175056,
0.786627,0.546957,0.761833,0.340346,0.191585,0.49737,0.166792,0.108941,0.505635,0.265965,
0.877536,0.637866,0.852742,0.431255,0.282494,0.588279,0.257701,0.19985,0.596544,0.356875,
0.968445,0.728775,0.943651,0.522164,0.373403,0.679189,0.34861,0.290759,0.687453,0.447784,
0.0676183,0.918858,0.224643,0.894065,0.836213,0.232908,0.993238,0.026296,0.513899,0.27423,
0.158527,0.00976709,0.315552,0.984974,0.927122,0.323817,0.0841473,0.117205,0.604808,0.365139,
0.249437,0.100676,0.406461,0.0758828,0.0180316,0.414726,0.175056,0.208114,0.695718,0.456048,
0.340346,0.191585,0.49737,0.166792,0.108941,0.505635,0.265965,0.299023,0.786627,0.546957,
0.431255,0.282494,0.588279,0.257701,0.19985,0.596544,0.356875,0.389932,0.877536,0.637866,
0.522164,0.373403,0.679189,0.34861,0.290759,0.687453,0.447784,0.480841,0.968445,0.728775,
0.613073,0.464313,0.770098,0.439519,0.381668,0.778362,0.538693,0.571751,0.0593539,0.819684,
0.703982,0.555222,0.861007,0.530428,0.472577,0.869271,0.629602,0.66266,0.150263,0.910594,
0.794891,0.646131,0.951916,0.621337,0.563486,0.96018,0.720511,0.753569,0.241172,0.00150263,
0.8858,0.73704,0.0428249,0.712246,0.654395,0.0510894,0.81142,0.844478,0.332081,0.0924117,
0.976709,0.827949,0.133734,0.803156,0.745304,0.141998,0.902329,0.935387,0.42299,0.183321,
0.0758828,0.0180316,0.414726,0.175056,0.208114,0.695718,0.456048,0.670924,0.249437,0.100676,
0.166792,0.108941,0.505635,0.265965,0.299023,0.786627,0.546957,0.761833,0.340346,0.191585,
0.257701,0.19985,0.596544,0.356875,0.389932,0.877536,0.637866,0.852742,0.431255,0.282494,
0.34861,0.290759,0.687453,0.447784,0.480841,0.968445,0.728775,0.943651,0.522164,0.373403,
0.439519,0.381668,0.778362,0.538693,0.571751,0.0593539,0.819684,0.0345605,0.613073,0.464313,
0.530428,0.472577,0.869271,0.629602,0.66266,0.150263,0.910594,0.12547,0.703982,0.555222,
0.621337,0.563486,0.96018,0.720511,0.753569,0.241172,0.00150263,0.216379,0.794891,0.646131,
0.712246,0.654395,0.0510894,0.81142,0.844478,0.332081,0.0924117,0.307288,0.8858,0.73704,
0.803156,0.745304,0.141998,0.902329,0.935387,0.42299,0.183321,0.398197,0.976709,0.827949,
0.894065,0.836213,0.232908,0.993238,0.026296,0.513899,0.27423,0.489106,0.0676183,0.918858,
0.984974,0.927122,0.323817,0.0841473,0.117205,0.604808,0.365139,0.580015,0.158527,0.00976709,
0.0841473,0.117205,0.604808,0.365139,0.580015,0.158527,0.00976709,0.315552,0.984974,0.927122,
0.175056,0.208114,0.695718,0.456048,0.670924,0.249437,0.100676,0.406461,0.0758828,0.0180316,
0.265965,0.299023,0.786627,0.546957,0.761833,0.340346,0.191585,0.49737,0.166792,0.108941,
0.356875,0.389932,0.877536,0.637866,0.852742,0.431255,0.282494,0.588279,0.257701,0.19985,
0.447784,0.480841,0.968445,0.728775,0.943651,0.522164,0.373403,0.679189,0.34861,0.290759,
0.538693,0.571751,0.0593539,0.819684,0.0345605,0.613073,0.464313,0.770098,0.439519,0.381668,
0.629602,0.66266,0.150263,0.910594,0.12547,0.703982,0.555222,0.861007,0.530428,0.472577,
0.720511,0.753569,0.241172,0.00150263,0.216379,0.794891,0.646131,0.951916,0.621337,0.563486,
0.81142,0.844478,0.332081,0.0924117,0.307288,0.8858,0.73704,0.0428249,0.712246,0.654395,
0.902329,0.935387,0.42299,0.183321,0.398197,0.976709,0.827949,0.133734,0.803156,0.745304,
0.993238,0.026296,0.513899,0.27423,0.489106,0.0676183,0.918858,0.224643,0.894065,0.836213,
0.00225394,0.324568,0.101427,0.514651,0.382419,0.886551,0.845229,0.44027,0.489857,0.175808,
0.093163,0.415477,0.192337,0.60556,0.473328,0.977461,0.936138,0.53118,0.580766,0.266717,
0.184072,0.506386,0.283246,0.696469,0.564237,0.0683696,0.0270473,0.622089,0.671675,0.357626,
0.274981,0.597295,0.374155,0.787378,0.655147,0.159279,0.117956,0.712998,0.762585,0.448535,
0.36589,0.688204,0.465064,0.878287,0.746056,0.250188,0.208866,0.803907,0.853494,0.539444,
0.456799,0.779113,0.555973,0.969196,0.836965,0.341097,0.299775,0.894816,0.944403,0.630353,
0.547708,0.870023,0.646882,0.0601052,0.927874,0.432006,0.390684,0.985725,0.0353118,0.721262,
0.638618,0.960932,0.737791,0.151014,0.0187829,0.522915,0.481593,0.0766341,0.126221,0.812171,
0.729527,0.0518407,0.8287,0.241923,0.109692,0.613824,0.572502,0.167543,0.21713,0.90308,
0.820436,0.14275,0.919609,0.332832,0.200601,0.704733,0.663411,0.258452,0.308039,0.993989,
0.911345,0.233659,0.0105184,0.423742,0.29151,0.795642,0.75432,0.349361,0.398948,0.0848986,
0.0105184,0.423742,0.29151,0.795642,0.75432,0.349361,0.398948,0.0848986,0.225394,0.911345,
0.101427,0.514651,0.382419,0.886551,0.845229,0.44027,0.489857,0.175808,0.316304,0.00225394,
0.192337,0.60556,0.473328,0.977461,0.936138,0.53118,0.580766,0.266717,0.407213,0.093163,
0.283246,0.696469,0.564237,0.0683696,0.0270473,0.622089,0.671675,0.357626,0.498122,0.184072,
0.374155,0.787378,0.655147,0.159279,0.117956,0.712998,0.762585,0.448535,0.589031,0.274981,
0.465064,0.878287,0.746056,0.250188,0.208866,0.803907,0.853494,0.539444,0.67994,0.36589,
0.555973,0.969196,0.836965,0.341097,0.299775,0.894816,0.944403,0.630353,0.770849,0.456799,
0.646882,0.0601052,0.927874,0.432006,0.390684,0.985725,0.0353118,0.721262,0.861758,0.547708,
0.737791,0.151014,0.0187829,0.522915,0.481593,0.0766341,0.126221,0.812171,0.952667,0.638618,
0.8287,0.241923,0.109692,0.613824,0.572502,0.167543,0.21713,0.90308,0.0435763,0.729527,
0.919609,0.332832,0.200601,0.704733,0.663411,0.258452,0.308039,0.993989,0.134485,0.820436,
0.0187829,0.522915,0.481593,0.0766341,0.126221,0.812171,0.952667,0.638618,0.960932,0.737791,
0.109692,0.613824,0.572502,0.167543,0.21713,0.90308,0.0435763,0.729527,0.0518407,0.8287,
0.200601,0.704733,0.663411,0.258452,0.308039,0.993989,0.134485,0.820436,0.14275,0.919609,
0.29151,0.795642,0.75432,0.349361,0.398948,0.0848986,0.225394,0.911345,0.233659,0.0105184,
0.382419,0.886551,0.845229,0.44027,0.489857,0.175808,0.316304,0.00225394,0.324568,0.101427,
0.473328,0.977461,0.936138,0.53118,0.580766,0.266717,0.407213,0.093163,0.415477,0.192337,
0.564237,0.0683696,0.0270473,0.622089,0.671675,0.357626,0.498122,0.184072,0.506386,0.283246,
0.655147,0.159279,0.117956,0.712998,0.762585,0.448535,0.589031,0.274981,0.597295,0.374155,
0.746056,0.250188,0.208866,0.803907,0.853494,0.539444,0.67994,0.36589,0.688204,0.465064,
0.836965,0.341097,0.299775,0.894816,0.944403,0.630353,0.770849,0.456799,0.779113,0.555973,
0.927874,0.432006,0.390684,0.985725,0.0353118,0.721262,0.861758,0.547708,0.870023,0.646882,
0.0270473,0.622089,0.671675,0.357626,0.498122,0.184072,0.506386,0.283246,0.696469,0.564237,
0.117956,0.712998,0.762585,0.448535,0.589031,0.274981,0.597295,0.374155,0.787378,0.655147,
0.208866,0.803907,0.853494,0.539444,0.67994,0.36589,0.688204,0.465064,0.878287,0.746056,
0.299775,0.894816,0.944403,0.630353,0.770849,0.456799,0.779113,0.555973,0.969196,0.836965,
0.390684,0.985725,0.0353118,0.721262,0.861758,0.547708,0.870023,0.646882,0.0601052,0.927874,
0.481593,0.0766341,0.126221,0.812171,0.952667,0.638618,0.960932,0.737791,0.151014,0.0187829,
0.572502,0.167543,0.21713,0.90308,0.0435763,0.729527,0.0518407,0.8287,0.241923,0.109692,
0.663411,0.258452,0.308039,0.993989,0.134485,0.820436,0.14275,0.919609,0.332832,0.200601,
0.75432,0.349361,0.398948,0.0848986,0.225394,0.911345,0.233659,0.0105184,0.423742,0.29151,
0.845229,0.44027,0.489857,0.175808,0.316304,0.00225394,0.324568,0.101427,0.514651,0.382419,
0.936138,0.53118,0.580766,0.266717,0.407213,0.093163,0.415477,0.192337,0.60556,0.473328,
0.0353118,0.721262,0.861758,0.547708,0.870023,0.646882,0.0601052,0.927874,0.432006,0.390684,
0.126221,0.812171,0.952667,0.638618,0.960932,0.737791,0.151014,0.0187829,0.522915,0.481593,
0.21713,0.90308,0.0435763,0.729527,0.0518407,0.8287,0.241923,0.109692,0.613824,0.572502,
0.308039,0.993989,0.134485,0.820436,0.14275,0.919609,0.332832,0.200601,0.704733,0.663411,
0.398948,0.0848986,0.225394,0.911345,0.233659,0.0105184,0.423742,0.29151,0.795642,0.75432,
0.489857,0.175808,0.316304,0.00225394,0.324568,0.101427,0.514651,0.382419,0.886551,0.845229,
0.580766,0.266717,0.407213,0.093163,0.415477,0.192337,0.60556,0.473328,0.977461,0.936138,
0.671675,0.357626,0.498122,0.184072,0.506386,0.283246,0.696469,0.564237,0.0683696,0.0270473,
0.762585,0.448535,0.589031,0.274981,0.597295,0.374155,0.787378,0.655147,0.159279,0.117956,
0.853494,0.539444,0.67994,0.36589,0.688204,0.465064,0.878287,0.746056,0.250188,0.208866,
0.944403,0.630353,0.770849,0.456799,0.779113,0.555973,0.969196,0.836965,0.341097,0.299775,
0.0435763,0.729527,0.0518407,0.8287,0.241923,0.109692,0.613824,0.572502,0.167543,0.21713,
0.134485,0.820436,0.14275,0.919609,0.332832,0.200601,0.704733,0.663411,0.258452,0.308039,
0.225394,0.911345,0.233659,0.0105184,0.423742,0.29151,0.795642,0.75432,0.349361,0.398948,
0.316304,0.00225394,0.324568,0.101427,0.514651,0.382419,0.886551,0.845229,0.44027,0.489857,
0.407213,0.093163,0.415477,0.192337,0.60556,0.473328,0.977461,0.936138,0.53118,0.580766,
0.498122,0.184072,0.506386,0.283246,0.696469,0.564237,0.0683696,0.0270473,0.622089,0.671675,
0.589031,0.274981,0.597295,0.374155,0.787378,0.655147,0.159279,0.117956,0.712998,0.762585,
0.67994,0.36589,0.688204,0.465064,0.878287,0.746056,0.250188,0.208866,0.803907,0.853494,
0.770849,0.456799,0.779113,0.555973,0.969196,0.836965,0.341097,0.299775,0.894816,0.944403,
0.861758,0.547708,0.870023,0.646882,0.0601052,0.927874,0.432006,0.390684,0.985725,0.0353118,
0.952667,0.638618,0.960932,0.737791,0.151014,0.0187829,0.522915,0.481593,0.0766341,0.126221,
0.0518407,0.8287,0.241923,0.109692,0.613824,0.572502,0.167543,0.21713,0.90308,0.0435763,
0.14275,0.919609,0.332832,0.200601,0.704733,0.663411,0.258452,0.308039,0.993989,0.134485,
0.233659,0.0105184,0.423742,0.29151,0.795642,0.75432,0.349361,0.398948,0.0848986,0.225394,
0.324568,0.101427,0.514651,0.382419,0.886551,0.845229,0.44027,0.489857,0.175808,0.316304,
0.415477,0.192337,0.60556,0.473328,0.977461,0.936138,0.53118,0.580766,0.266717,0.407213,
0.506386,0.283246,0.696469,0.564237,0.0683696,0.0270473,0.622089,0.671675,0.357626,0.498122,
0.597295,0.374155,0.787378,0.655147,0.159279,0.117956,0.712998,0.762585,0.448535,0.589031,
0.688204,0.465064,0.878287,0.746056,0.250188,0.208866,0.803907,0.853494,0.539444,0.67994,
0.779113,0.555973,0.969196,0.836965,0.341097,0.299775,0.894816,0.944403,0.630353,0.770849,
0.870023,0.646882,0.0601052,0.927874,0.432006,0.390684,0.985725,0.0353118,0.721262,0.861758,
0.960932,0.737791,0.151014,0.0187829,0.522915,0.481593,0.0766341,0.126221,0.812171,0.952667,
0.0601052,0.927874,0.432006,0.390684,0.985725,0.0353118,0.721262,0.861758,0.547708,0.870023,
0.151014,0.0187829,0.522915,0.481593,0.0766341,0.126221,0.812171,0.952667,0.638618,0.960932,
0.241923,0.109692,0.613824,0.572502,0.167543,0.21713,0.90308,0.0435763,0.729527,0.0518407,
0.332832,0.200601,0.704733,0.663411,0.258452,0.308039,0.993989,0.134485,0.820436,0.14275,
0.423742,0.29151,0.795642,0.75432,0.349361,0.398948,0.0848986,0.225394,0.911345,0.233659,
0.514651,0.382419,0.886551,0.845229,0.44027,0.489857,0.175808,0.316304,0.00225394,0.324568,
0.60556,0.473328,0.977461,0.936138,0.53118,0.580766,0.266717,0.407213,0.093163,0.415477,
0.696469,0.564237,0.0683696,0.0270473,0.622089,0.671675,0.357626,0.498122,0.184072,0.506386,
0.787378,0.655147,0.159279,0.117956,0.712998,0.762585,0.448535,0.589031,0.274981,0.597295,
0.878287,0.746056,0.250188,0.208866,0.803907,0.853494,0.539444,0.67994,0.36589,0.688204,
0.969196,0.836965,0.341097,0.299775,0.894816,0.944403,0.630353,0.770849,0.456799,0.779113,
0.0683696,0.0270473,0.622089,0.671675,0.357626,0.498122,0.184072,0.506386,0.283246,0.696469,
0.159279,0.117956,0.712998,0.762585,0.448535,0.589031,0.274981,0.597295,0.374155,0.787378,
0.250188,0.208866,0.803907,0.853494,0.539444,0.67994,0.36589,0.688204,0.465064,0.878287,
0.341097,0.299775,0.894816,0.944403,0.630353,0.770849,0.456799,0.779113,0.555973,0.969196,
0.432006,0.390684,0.985725,0.0353118,0.721262,0.861758,0.547708,0.870023,0.646882,0.0601052,
0.522915,0.481593,0.0766341,0.126221,0.812171,0.952667,0.638618,0.960932,0.737791,0.151014,
0.613824,0.572502,0.167543,0.21713,0.90308,0.0435763,0.729527,0.0518407,0.8287,0.241923,
0.704733,0.663411,0.258452,0.308039,0.993989,0.134485,0.820436,0.14275,0.919609,0.332832,
0.795642,0.75432,0.349361,0.398948,0.0848986,0.225394,0.911345,0.233659,0.0105184,0.423742,
0.886551,0.845229,0.44027,0.489857,0.175808,0.316304,0.00225394,0.324568,0.101427,0.514651,
0.977461,0.936138,0.53118,0.580766,0.266717,0.407213,0.093163,0.415477,0.192337,0.60556,
0.0766341,0.126221,0.812171,0.952667,0.638618,0.960932,0.737791,0.151014,0.0187829,0.522915,
0.167543,0.21713,0.90308,0.0435763,0.729527,0.0518407,0.8287,0.241923,0.109692,0.613824,
0.258452,0.308039,0.993989,0.134485,0.820436,0.14275,0.919609,0.332832,0.200601,0.704733,
0.349361,0.398948,0.0848986,0.225394,0.911345,0.233659,0.0105184,0.423742,0.29151,0.795642,
0.44027,0.489857,0.175808,0.316304,0.00225394,0.324568,0.101427,0.514651,0.382419,0.886551,
0.53118,0.580766,0.266717,0.407213,0.093163,0.415477,0.192337,0.60556,0.473328,0.977461,
0.622089,0.671675,0.357626,0.498122,0.184072,0.506386,0.283246,0.696469,0.564237,0.0683696,
0.712998,0.762585,0.448535,0.589031,0.274981,0.597295,0.374155,0.787378,0.655147,0.159279,
0.803907,0.853494,0.539444,0.67994,0.36589,0.688204,0.465064,0.878287,0.746056,0.250188,
0.894816,0.944403,0.630353,0.770849,0.456799,0.779113,0.555973,0.969196,0.836965,0.341097,
0.985725,0.0353118,0.721262,0.861758,0.547708,0.870023,0.646882,0.0601052,0.927874,0.432006,
0.0848986,0.225394,0.911345,0.233659,0.0105184,0.423742,0.29151,0.795642,0.75432,0.349361,
0.175808,0.316304,0.00225394,0.324568,0.101427,0.514651,0.382419,0.886551,0.845229,0.44027,
0.266717,0.407213,0.093163,0.415477,0.192337,0.60556,0.473328,0.977461,0.936138,0.53118,
0.357626,0.498122,0.184072,0.506386,0.283246,0.696469,0.564237,0.0683696,0.0270473,0.622089,
0.448535,0.589031,0.274981,0.597295,0.374155,0.787378,0.655147,0.159279,0.117956,0.712998,
0.539444,0.67994,0.36589,0.688204,0.465064,0.878287,0.746056,0.250188,0.208866,0.803907,
0.630353,0.770849,0.456799,0.779113,0.555973,0.969196,0.836965,0.341097,0.299775,0.894816,
0.721262,0.861758,0.547708,0.870023,0.646882,0.0601052,0.927874,0.432006,0.390684,0.985725,
0.812171,0.952667,0.638618,0.960932,0.737791,0.151014,0.0187829,0.522915,0.481593,0.0766341,
0.90308,0.0435763,0.729527,0.0518407,0.8287,0.241923,0.109692,0.613824,0.572502,0.167543,
0.993989,0.134485,0.820436,0.14275,0.919609,0.332832,0.200601,0.704733,0.663411,0.258452,
0.00300526,0.432757,0.498873,0.292261,0.903832,0.151766,0.126972,0.829452,0.350113,0.507137,
0.0939144,0.523666,0.589782,0.383171,0.994741,0.242675,0.217881,0.920361,0.441022,0.598047,
0.184823,0.614576,0.680691,0.47408,0.0856499,0.333584,0.30879,0.0112697,0.531931,0.688956,
0.275733,0.705485,0.7716,0.564989,0.176559,0.424493,0.399699,0.102179,0.62284,0.779865,
0.366642,0.796394,0.862509,0.655898,0.267468,0.515402,0.490609,0.193088,0.713749,0.870774,
0.457551,0.887303,0.953418,0.746807,0.358377,0.606311,0.581518,0.283997,0.804658,0.961683,
0.54846,0.978212,0.0443276,0.837716,0.449286,0.69722,0.672427,0.374906,0.895567,0.052592,
0.639369,0.069121,0.135237,0.928625,0.540195,0.788129,0.763336,0.465815,0.986476,0.143501,
0.730278,0.16003,0.226146,0.0195342,0.631104,0.879038,0.854245,0.556724,0.0773854,0.23441,
0.821187,0.250939,0.317055,0.110443,0.722014,0.969947,0.945154,0.647633,0.168295,0.325319,
0.912096,0.341848,0.407964,0.201352,0.812923,0.0608565,0.0360631,0.738542,0.259204,0.416228,
0.0112697,0.531931,0.688956,0.573253,0.184823,0.614576,0.680691,0.47408,0.0856499,0.333584,
0.102179,0.62284,0.779865,0.664162,0.275733,0.705485,0.7716,0.564989,0.176559,0.424493,
0.193088,0.713749,0.870774,0.755071,0.366642,0.796394,0.862509,0.655898,0.267468,0.515402,
0.283997,0.804658,0.961683,0.84598,0.457551,0.887303,0.953418,0.746807,0.358377,0.606311,
0.374906,0.895567,0.052592,0.93689,0.54846,0.978212,0.0443276,0.837716,0.449286,0.69722,
0.465815,0.986476,0.143501,0.0277986,0.639369,0.069121,0.135237,0.928625,0.540195,0.788129,
