500,10
0.5,0.333333,0.2,0.142857,0.0909091,0.0769231,0.0588235,0.0526316,0.0434783,0.0344828,
0.25,0.666667,0.4,0.285714,0.181818,0.153846,0.117647,0.105263,0.0869565,0.0689655,
0.75,0.111111,0.6,0.428571,0.272727,0.230769,0.176471,0.157895,0.130435,0.103448,
0.125,0.444444,0.8,0.571429,0.363636,0.307692,0.235294,0.210526,0.173913,0.137931,
0.625,0.777778,0.04,0.714286,0.454545,0.384615,0.294118,0.263158,0.217391,0.172414,
0.375,0.222222,0.24,0.857143,0.545455,0.461538,0.352941,0.315789,0.26087,0.206897,
0.875,0.555556,0.44,0.0204082,0.636364,0.538462,0.411765,0.368421,0.304348,0.241379,
0.0625,0.888889,0.64,0.163265,0.727273,0.615385,0.470588,0.421053,0.347826,0.275862,
0.5625,0.037037,0.84,0.306122,0.818182,0.692308,0.529412,0.473684,0.391304,0.310345,
0.3125,0.37037,0.08,0.44898,0.909091,0.769231,0.588235,0.526316,0.434783,0.344828,
0.8125,0.703704,0.28,0.591837,0.00826446,0.846154,0.647059,0.578947,0.478261,0.37931,
0.1875,0.148148,0.48,0.734694,0.0991736,0.923077,0.705882,0.631579,0.521739,0.413793,
0.6875,0.481481,0.68,0.877551,0.190083,0.00591716,0.764706,0.684211,0.565217,0.448276,
0.4375,0.814815,0.88,0.0408163,0.280992,0.0828402,0.823529,0.736842,0.608696,0.482759,
0.9375,0.259259,0.12,0.183673,0.371901,0.159763,0.882353,0.789474,0.652174,0.517241,
0.03125,0.592593,0.32,0.326531,0.46281,0.236686,0.941176,0.842105,0.695652,0.551724,
0.53125,0.925926,0.52,0.469388,0.553719,0.313609,0.00346021,0.894737,0.73913,0.586207,
0.28125,0.0740741,0.72,0.612245,0.644628,0.390533,0.0622837,0.947368,0.782609,0.62069,
0.78125,0.407407,0.92,0.755102,0.735537,0.467456,0.121107,0.00277008,0.826087,0.655172,
0.15625,0.740741,0.16,0.897959,0.826446,0.544379,0.179931,0.0554017,0.869565,0.689655,
0.65625,0.185185,0.36,0.0612245,0.917355,0.621302,0.238754,0.108033,0.913043,0.724138,
0.40625,0.518519,0.56,0.204082,0.0165289,0.698225,0.297578,0.160665,0.956522,0.758621,
0.90625,0.851852,0.76,0.346939,0.107438,0.775148,0.356401,0.213296,0.00189036,0.793103,
0.09375,0.296296,0.96,0.489796,0.198347,0.852071,0.415225,0.265928,0.0453686,0.827586,
0.59375,0.62963,0.008,0.632653,0.289256,0.928994,0.474048,0.31856,0.0888469,0.862069,
0.34375,0.962963,0.208,0.77551,0.380165,0.0118343,0.532872,0.371191,0.132325,0.896552,
0.84375,0.0123457,0.408,0.918367,0.471074,0.0887574,0.591696,0.423823,0.175803,0.931034,
0.21875,0.345679,0.608,0.0816327,0.561983,0.16568,0.650519,0.476454,0.219282,0.965517,
0.71875,0.679012,0.808,0.22449,0.652893,0.242604,0.709343,0.529086,0.26276,0.00118906,
0.46875,0.123457,0.048,0.367347,0.743802,0.319527,0.768166,0.581717,0.306238,0.0356718,
0.96875,0.45679,0.248,0.510204,0.834711,0.39645,0.82699,0.634349,0.349716,0.0701546,
0.015625,0.790123,0.448,0.653061,0.92562,0.473373,0.885813,0.686981,0.393195,0.104637,
0.515625,0.234568,0.648,0.795918,0.0247934,0.550296,0.944637,0.739612,0.436673,0.13912,
0.265625,0.567901,0.848,0.938776,0.115702,0.627219,0.00692042,0.792244,0.480151,0.173603,
0.765625,0.901235,0.088,0.102041,0.206612,0.704142,0.0657439,0.844875,0.523629,0.208086,
0.140625,0.0493827,0.288,0.244898,0.297521,0.781065,0.124567,0.897507,0.567108,0.242568,
0.640625,0.382716,0.488,0.387755,0.38843,0.857988,0.183391,0.950139,0.610586,0.277051,
0.390625,0.716049,0.688,0.530612,0.479339,0.934911,0.242215,0.00554017,0.654064,0.311534,
0.890625,0.160494,0.888,0.673469,0.570248,0.0177515,0.301038,0.0581717,0.697543,0.346017,
0.078125,0.493827,0.128,0.816327,0.661157,0.0946746,0.359862,0.110803,0.741021,0.380499,
0.578125,0.82716,0.328,0.959184,0.752066,0.171598,0.418685,0.163435,0.784499,0.414982,
0.328125,0.271605,0.528,0.122449,0.842975,0.248521,0.477509,0.216066,0.827977,0.449465,
0.828125,0.604938,0.728,0.265306,0.933884,0.325444,0.536332,0.268698,0.871456,0.483948,
0.203125,0.938272,0.928,0.408163,0.0330579,0.402367,0.595156,0.32133,0.914934,0.51843,
0.703125,0.0864198,0.168,0.55102,0.123967,0.47929,0.653979,0.373961,0.958412,0.552913,
0.453125,0.419753,0.368,0.693878,0.214876,0.556213,0.712803,0.426593,0.00378072,0.587396,
0.953125,0.753086,0.568,0.836735,0.305785,0.633136,0.771626,0.479224,0.047259,0.621879,
0.046875,0.197531,0.768,0.979592,0.396694,0.710059,0.83045,0.531856,0.0907372,0.656361,
0.546875,0.530864,0.968,0.00291545,0.487603,0.786982,0.889273,0.584488,0.134216,0.690844,
0.296875,0.864198,0.016,0.145773,0.578512,0.863905,0.948097,0.637119,0.177694,0.725327,
0.796875,0.308642,0.216,0.28863,0.669421,0.940828,0.0103806,0.689751,0.221172,0.75981,
0.171875,0.641975,0.416,0.431487,0.760331,0.0236686,0.0692042,0.742382,0.26465,0.794293,
0.671875,0.975309,0.616,0.574344,0.85124,0.100592,0.128028,0.795014,0.308129,0.828775,
0.421875,0.0246914,0.816,0.717201,0.942149,0.177515,0.186851,0.847645,0.351607,0.863258,
0.921875,0.358025,0.056,0.860058,0.0413223,0.254438,0.245675,0.900277,0.395085,0.897741,
0.109375,0.691358,0.256,0.0233236,0.132231,0.331361,0.304498,0.952909,0.438563,0.932224,
0.609375,0.135802,0.456,0.166181,0.22314,0.408284,0.363322,0.00831025,0.482042,0.966706,
0.359375,0.469136,0.656,0.309038,0.31405,0.485207,0.422145,0.0609418,0.52552,0.00237812,
0.859375,0.802469,0.856,0.451895,0.404959,0.56213,0.480969,0.113573,0.568998,0.0368609,
0.234375,0.246914,0.096,0.594752,0.495868,0.639053,0.539792,0.166205,0.612476,0.0713436,
0.734375,0.580247,0.296,0.737609,0.586777,0.715976,0.598616,0.218837,0.655955,0.105826,
0.484375,0.91358,0.496,0.880466,0.677686,0.792899,0.657439,0.271468,0.699433,0.140309,
0.984375,0.0617284,0.696,0.0437318,0.768595,0.869822,0.716263,0.3241,0.742911,0.174792,
0.0078125,0.395062,0.896,0.186589,0.859504,0.946746,0.775087,0.376731,0.786389,0.209275,
0.507812,0.728395,0.136,0.329446,0.950413,0.0295858,0.83391,0.429363,0.829868,0.243757,
0.257812,0.17284,0.336,0.472303,0.0495868,0.106509,0.892734,0.481994,0.873346,0.27824,
0.757812,0.506173,0.536,0.61516,0.140496,0.183432,0.951557,0.534626,0.916824,0.312723,
0.132812,0.839506,0.736,0.758017,0.231405,0.260355,0.0138408,0.587258,0.960302,0.347206,
0.632812,0.283951,0.936,0.900875,0.322314,0.337278,0.0726644,0.639889,0.00567108,0.381688,
0.382812,0.617284,0.176,0.0641399,0.413223,0.414201,0.131488,0.692521,0.0491493,0.416171,
0.882812,0.950617,0.376,0.206997,0.504132,0.491124,0.190311,0.745152,0.0926276,0.450654,
0.0703125,0.0987654,0.576,0.349854,0.595041,0.568047,0.249135,0.797784,0.136106,0.485137,
0.570312,0.432099,0.776,0.492711,0.68595,0.64497,0.307958,0.850416,0.179584,0.51962,
0.320312,0.765432,0.976,0.635569,0.77686,0.721893,0.366782,0.903047,0.223062,0.554102,
0.820312,0.209877,0.024,0.778426,0.867769,0.798817,0.425606,0.955679,0.266541,0.588585,
0.195312,0.54321,0.224,0.921283,0.958678,0.87574,0.484429,0.0110803,0.310019,0.623068,
0.695312,0.876543,0.424,0.0845481,0.0578512,0.952663,0.543253,0.0637119,0.353497,0.657551,
0.445312,0.320988,0.624,0.227405,0.14876,0.035503,0.602076,0.116343,0.396975,0.692033,
0.945312,0.654321,0.824,0.370262,0.239669,0.112426,0.6609,0.168975,0.440454,0.726516,
0.0390625,0.987654,0.064,0.51312,0.330579,0.189349,0.719723,0.221607,0.483932,0.760999,
0.539062,0.00411523,0.264,0.655977,0.421488,0.266272,0.778547,0.274238,0.52741,0.795482,
0.289062,0.337449,0.464,0.798834,0.512397,0.343195,0.83737,0.32687,0.570888,0.829964,
0.789062,0.670782,0.664,0.941691,0.603306,0.420118,0.896194,0.379501,0.614367,0.864447,
0.164062,0.115226,0.864,0.104956,0.694215,0.497041,0.955017,0.432133,0.657845,0.89893,
0.664062,0.44856,0.104,0.247813,0.785124,0.573964,0.017301,0.484765,0.701323,0.933413,
0.414062,0.781893,0.304,0.390671,0.876033,0.650888,0.0761246,0.537396,0.744802,0.967895,
0.914062,0.226337,0.504,0.533528,0.966942,0.727811,0.134948,0.590028,0.78828,0.00356718,
0.101562,0.559671,0.704,0.676385,0.0661157,0.804734,0.193772,0.642659,0.831758,0.0380499,
0.601562,0.893004,0.904,0.819242,0.157025,0.881657,0.252595,0.695291,0.875236,0.0725327,
0.351562,0.0411523,0.144,0.962099,0.247934,0.95858,0.311419,0.747922,0.918715,0.107015,
0.851562,0.374486,0.344,0.125364,0.338843,0.0414201,0.370242,0.800554,0.962193,0.141498,
0.226562,0.707819,0.544,0.268222,0.429752,0.118343,0.429066,0.853186,0.00756144,0.175981,
0.726562,0.152263,0.744,0.411079,0.520661,0.195266,0.487889,0.905817,0.0510397,0.210464,
0.476562,0.485597,0.944,0.553936,0.61157,0.272189,0.546713,0.958449,0.094518,0.244946,
0.976562,0.81893,0.184,0.696793,0.702479,0.349112,0.605536,0.0138504,0.137996,0.279429,
0.0234375,0.263374,0.384,0.83965,0.793388,0.426036,0.66436,0.066482,0.181474,0.313912,
0.523438,0.596708,0.584,0.982507,0.884298,0.502959,0.723183,0.119114,0.224953,0.348395,
0.273438,0.930041,0.784,0.0058309,0.975207,0.579882,0.782007,0.171745,0.268431,0.382878,
0.773438,0.0781893,0.984,0.148688,0.0743802,0.656805,0.84083,0.224377,0.311909,0.41736,
0.148438,0.411523,0.032,0.291545,0.165289,0.733728,0.899654,0.277008,0.355388,0.451843,
0.648438,0.744856,0.232,0.434402,0.256198,0.810651,0.958478,0.32964,0.398866,0.486326,
0.398438,0.1893,0.432,0.577259,0.347107,0.887574,0.0207612,0.382271,0.442344,0.520809,
0.898438,0.522634,0.632,0.720117,0.438017,0.964497,0.0795848,0.434903,0.485822,0.555291,
0.0859375,0.855967,0.832,0.862974,0.528926,0.0473373,0.138408,0.487535,0.529301,0.589774,
0.585938,0.300412,0.072,0.0262391,0.619835,0.12426,0.197232,0.540166,0.572779,0.624257,
0.335938,0.633745,0.272,0.169096,0.710744,0.201183,0.256055,0.592798,0.616257,0.65874,
0.835938,0.967078,0.472,0.311953,0.801653,0.278107,0.314879,0.645429,0.659735,0.693222,
0.210938,0.0164609,0.672,0.45481,0.892562,0.35503,0.373702,0.698061,0.703214,0.727705,
0.710938,0.349794,0.872,0.597668,0.983471,0.431953,0.432526,0.750693,0.746692,0.762188,
0.460938,0.683128,0.112,0.740525,0.0826446,0.508876,0.491349,0.803324,0.79017,0.796671,
0.960938,0.127572,0.312,0.883382,0.173554,0.585799,0.550173,0.855956,0.833648,0.831153,
0.0546875,0.460905,0.512,0.0466472,0.264463,0.662722,0.608997,0.908587,0.877127,0.865636,
0.554688,0.794239,0.712,0.189504,0.355372,0.739645,0.66782,0.961219,0.920605,0.900119,
0.304688,0.238683,0.912,0.332362,0.446281,0.816568,0.726644,0.0166205,0.964083,0.934602,
0.804688,0.572016,0.152,0.475219,0.53719,0.893491,0.785467,0.0692521,0.0094518,0.969084,
0.179688,0.90535,0.352,0.618076,0.628099,0.970414,0.844291,0.121884,0.0529301,0.00475624,
0.679688,0.0534979,0.552,0.760933,0.719008,0.0532544,0.903114,0.174515,0.0964083,0.039239,
0.429688,0.386831,0.752,0.90379,0.809917,0.130178,0.961938,0.227147,0.139887,0.0737218,
0.929688,0.720165,0.952,0.0670554,0.900826,0.207101,0.0242215,0.279778,0.183365,0.108205,
0.117188,0.164609,0.192,0.209913,0.991736,0.284024,0.083045,0.33241,0.226843,0.142687,
0.617188,0.497942,0.392,0.35277,0.000751315,0.360947,0.141869,0.385042,0.270321,0.17717,
0.367188,0.831276,0.592,0.495627,0.0916604,0.43787,0.200692,0.437673,0.3138,0.211653,
0.867188,0.27572,0.792,0.638484,0.182569,0.514793,0.259516,0.490305,0.357278,0.246136,
0.242188,0.609053,0.992,0.781341,0.273479,0.591716,0.318339,0.542936,0.400756,0.280618,
0.742188,0.942387,0.0016,0.924198,0.364388,0.668639,0.377163,0.595568,0.444234,0.315101,
0.492188,0.090535,0.2016,0.0874636,0.455297,0.745562,0.435986,0.648199,0.487713,0.349584,
0.992188,0.423868,0.4016,0.230321,0.546206,0.822485,0.49481,0.700831,0.531191,0.384067,
0.00390625,0.757202,0.6016,0.373178,0.637115,0.899408,0.553633,0.753463,0.574669,0.418549,
0.503906,0.201646,0.8016,0.516035,0.728024,0.976331,0.612457,0.806094,0.618147,0.453032,
0.253906,0.534979,0.0416,0.658892,0.818933,0.0591716,0.67128,0.858726,0.661626,0.487515,
0.753906,0.868313,0.2416,0.801749,0.909842,0.136095,0.730104,0.911357,0.705104,0.521998,
0.128906,0.312757,0.4416,0.944606,0.00901578,0.213018,0.788927,0.963989,0.748582,0.55648,
0.628906,0.646091,0.6416,0.107872,0.0999249,0.289941,0.847751,0.0193906,0.79206,0.590963,
0.378906,0.979424,0.8416,0.250729,0.190834,0.366864,0.906574,0.0720222,0.835539,0.625446,
0.878906,0.0288066,0.0816,0.393586,0.281743,0.443787,0.965398,0.124654,0.879017,0.659929,
0.0664062,0.36214,0.2816,0.536443,0.372652,0.52071,0.0276817,0.177285,0.922495,0.694411,
0.566406,0.695473,0.4816,0.6793,0.463561,0.597633,0.0865052,0.229917,0.965974,0.728894,
0.316406,0.139918,0.6816,0.822157,0.55447,0.674556,0.145329,0.282548,0.0113422,0.763377,
0.816406,0.473251,0.8816,0.965015,0.645379,0.751479,0.204152,0.33518,0.0548204,0.79786,
0.191406,0.806584,0.1216,0.12828,0.736289,0.828402,0.262976,0.387812,0.0982987,0.832342,
0.691406,0.251029,0.3216,0.271137,0.827198,0.905325,0.321799,0.440443,0.141777,0.866825,
0.441406,0.584362,0.5216,0.413994,0.918107,0.982249,0.380623,0.493075,0.185255,0.901308,
0.941406,0.917695,0.7216,0.556851,0.0172802,0.0650888,0.439446,0.545706,0.228733,0.935791,
0.0351562,0.0658436,0.9216,0.699708,0.108189,0.142012,0.49827,0.598338,0.272212,0.970273,
0.535156,0.399177,0.1616,0.842566,0.199098,0.218935,0.557093,0.65097,0.31569,0.0059453,
0.285156,0.73251,0.3616,0.985423,0.290008,0.295858,0.615917,0.703601,0.359168,0.0404281,
0.785156,0.176955,0.5616,0.00874636,0.380917,0.372781,0.67474,0.756233,0.402647,0.0749108,
0.160156,0.510288,0.7616,0.151603,0.471826,0.449704,0.733564,0.808864,0.446125,0.109394,
0.660156,0.843621,0.9616,0.294461,0.562735,0.526627,0.792388,0.861496,0.489603,0.143876,
0.410156,0.288066,0.0096,0.437318,0.653644,0.60355,0.851211,0.914127,0.533081,0.178359,
0.910156,0.621399,0.2096,0.580175,0.744553,0.680473,0.910035,0.966759,0.57656,0.212842,
0.0976562,0.954733,0.4096,0.723032,0.835462,0.757396,0.968858,0.0221607,0.620038,0.247325,
0.597656,0.102881,0.6096,0.865889,0.926371,0.83432,0.0311419,0.0747922,0.663516,0.281807,
0.347656,0.436214,0.8096,0.0291545,0.0255447,0.911243,0.0899654,0.127424,0.706994,0.31629,
0.847656,0.769547,0.0496,0.172012,0.116454,0.988166,0.148789,0.180055,0.750473,0.350773,
0.222656,0.213992,0.2496,0.314869,0.207363,0.0710059,0.207612,0.232687,0.793951,0.385256,
0.722656,0.547325,0.4496,0.457726,0.298272,0.147929,0.266436,0.285319,0.837429,0.419738,
0.472656,0.880658,0.6496,0.600583,0.389181,0.224852,0.32526,0.33795,0.880907,0.454221,
0.972656,0.325103,0.8496,0.74344,0.48009,0.301775,0.384083,0.390582,0.924386,0.488704,
0.0195312,0.658436,0.0896,0.886297,0.570999,0.378698,0.442907,0.443213,0.967864,0.523187,
0.519531,0.99177,0.2896,0.0495627,0.661908,0.455621,0.50173,0.495845,0.0132325,0.557669,
0.269531,0.00823045,0.4896,0.19242,0.752817,0.532544,0.560554,0.548476,0.0567108,0.592152,
0.769531,0.341564,0.6896,0.335277,0.843727,0.609467,0.619377,0.601108,0.100189,0.626635,
0.144531,0.674897,0.8896,0.478134,0.934636,0.686391,0.678201,0.65374,0.143667,0.661118,
0.644531,0.119342,0.1296,0.620991,0.0338092,0.763314,0.737024,0.706371,0.187146,0.6956,
0.394531,0.452675,0.3296,0.763848,0.124718,0.840237,0.795848,0.759003,0.230624,0.730083,
0.894531,0.786008,0.5296,0.906706,0.215627,0.91716,0.854671,0.811634,0.274102,0.764566,
0.0820312,0.230453,0.7296,0.0699708,0.306536,0.994083,0.913495,0.864266,0.31758,0.799049,
0.582031,0.563786,0.9296,0.212828,0.397446,0.000455166,0.972318,0.916898,0.361059,0.833532,
0.332031,0.897119,0.1696,0.355685,0.488355,0.0773782,0.0346021,0.969529,0.404537,0.868014,
0.832031,0.0452675,0.3696,0.498542,0.579264,0.154301,0.0934256,0.0249307,0.448015,0.902497,
0.207031,0.378601,0.5696,0.641399,0.670173,0.231224,0.152249,0.0775623,0.491493,0.93698,
0.707031,0.711934,0.7696,0.784257,0.761082,0.308147,0.211073,0.130194,0.534972,0.971463,
0.457031,0.156379,0.9696,0.927114,0.851991,0.385071,0.269896,0.182825,0.57845,0.00713436,
0.957031,0.489712,0.0176,0.090379,0.9429,0.461994,0.32872,0.235457,0.621928,0.0416171,
0.0507812,0.823045,0.2176,0.233236,0.0420736,0.538917,0.387543,0.288089,0.665406,0.0760999,
0.550781,0.26749,0.4176,0.376093,0.132983,0.61584,0.446367,0.34072,0.708885,0.110583,
0.300781,0.600823,0.6176,0.51895,0.223892,0.692763,0.50519,0.393352,0.752363,0.145065,
0.800781,0.934156,0.8176,0.661808,0.314801,0.769686,0.564014,0.445983,0.795841,0.179548,
0.175781,0.0823045,0.0576,0.804665,0.40571,0.846609,0.622837,0.498615,0.839319,0.214031,
0.675781,0.415638,0.2576,0.947522,0.496619,0.923532,0.681661,0.551247,0.882798,0.248514,
0.425781,0.748971,0.4576,0.110787,0.587528,0.00637233,0.740484,0.603878,0.926276,0.282996,
0.925781,0.193416,0.6576,0.253644,0.678437,0.0832954,0.799308,0.65651,0.969754,0.317479,
0.113281,0.526749,0.8576,0.396501,0.769346,0.160218,0.858131,0.709141,0.0151229,0.351962,
0.613281,0.860082,0.0976,0.539359,0.860255,0.237142,0.916955,0.761773,0.0586011,0.386445,
0.363281,0.304527,0.2976,0.682216,0.951165,0.314065,0.975779,0.814404,0.102079,0.420927,
0.863281,0.63786,0.4976,0.825073,0.0503381,0.390988,0.0380623,0.867036,0.145558,0.45541,
0.238281,0.971193,0.6976,0.96793,0.141247,0.467911,0.0968858,0.919668,0.189036,0.489893,
0.738281,0.0205761,0.8976,0.131195,0.232156,0.544834,0.155709,0.972299,0.232514,0.524376,
0.488281,0.353909,0.1376,0.274052,0.323065,0.621757,0.214533,0.0277008,0.275992,0.558859,
0.988281,0.687243,0.3376,0.41691,0.413974,0.69868,0.273356,0.0803324,0.319471,0.593341,
0.0117188,0.131687,0.5376,0.559767,0.504884,0.775603,0.33218,0.132964,0.362949,0.627824,
0.511719,0.465021,0.7376,0.702624,0.595793,0.852526,0.391003,0.185596,0.406427,0.662307,
0.261719,0.798354,0.9376,0.845481,0.686702,0.929449,0.449827,0.238227,0.449905,0.69679,
0.761719,0.242798,0.1776,0.988338,0.777611,0.0122895,0.508651,0.290859,0.493384,0.731272,
0.136719,0.576132,0.3776,0.0116618,0.86852,0.0892126,0.567474,0.34349,0.536862,0.765755,
0.636719,0.909465,0.5776,0.154519,0.959429,0.166136,0.626298,0.396122,0.58034,0.800238,
0.386719,0.0576132,0.7776,0.297376,0.0586026,0.243059,0.685121,0.448753,0.623819,0.834721,
0.886719,0.390947,0.9776,0.440233,0.149512,0.319982,0.743945,0.501385,0.667297,0.869203,
0.0742188,0.72428,0.0256,0.58309,0.240421,0.396905,0.802768,0.554017,0.710775,0.903686,
0.574219,0.168724,0.2256,0.725948,0.33133,0.473828,0.861592,0.606648,0.754253,0.938169,
0.324219,0.502058,0.4256,0.868805,0.422239,0.550751,0.920415,0.65928,0.797732,0.972652,
0.824219,0.835391,0.6256,0.03207,0.513148,0.627674,0.979239,0.711911,0.84121,0.00832342,
0.199219,0.279835,0.8256,0.174927,0.604057,0.704597,0.0415225,0.764543,0.884688,0.0428062,
0.699219,0.613169,0.0656,0.317784,0.694966,0.78152,0.100346,0.817175,0.928166,0.0772889,
0.449219,0.946502,0.2656,0.460641,0.785875,0.858443,0.15917,0.869806,0.971645,0.111772,
0.949219,0.0946502,0.4656,0.603499,0.876784,0.935366,0.217993,0.922438,0.0170132,0.146254,
0.0429688,0.427984,0.6656,0.746356,0.967693,0.0182066,0.276817,0.975069,0.0604915,0.180737,
0.542969,0.761317,0.8656,0.889213,0.066867,0.0951297,0.33564,0.0304709,0.10397,0.21522,
0.292969,0.205761,0.1056,0.0524781,0.157776,0.172053,0.394464,0.0831025,0.147448,0.249703,
0.792969,0.539095,0.3056,0.195335,0.248685,0.248976,0.453287,0.135734,0.190926,0.284185,
0.167969,0.872428,0.5056,0.338192,0.339594,0.325899,0.512111,0.188366,0.234405,0.318668,
0.667969,0.316872,0.7056,0.48105,0.430503,0.402822,0.570934,0.240997,0.277883,0.353151,
0.417969,0.650206,0.9056,0.623907,0.521412,0.479745,0.629758,0.293629,0.321361,0.387634,
0.917969,0.983539,0.1456,0.766764,0.612322,0.556668,0.688581,0.34626,0.364839,0.422117,
0.105469,0.0329218,0.3456,0.909621,0.703231,0.633591,0.747405,0.398892,0.408318,0.456599,
0.605469,0.366255,0.5456,0.0728863,0.79414,0.710514,0.806228,0.451524,0.451796,0.491082,
0.355469,0.699588,0.7456,0.215743,0.885049,0.787437,0.865052,0.504155,0.495274,0.525565,
0.855469,0.144033,0.9456,0.358601,0.975958,0.86436,0.923875,0.556787,0.538752,0.560048,
0.230469,0.477366,0.1856,0.501458,0.0751315,0.941284,0.982699,0.609418,0.582231,0.59453,
0.730469,0.8107,0.3856,0.644315,0.166041,0.0241238,0.0449827,0.66205,0.625709,0.629013,
0.480469,0.255144,0.5856,0.787172,0.25695,0.101047,0.103806,0.714681,0.669187,0.663496,
0.980469,0.588477,0.7856,0.930029,0.347859,0.17797,0.16263,0.767313,0.712665,0.697979,
0.0273438,0.921811,0.9856,0.0932945,0.438768,0.254893,0.221453,0.819945,0.756144,0.732461,
0.527344,0.0699588,0.0336,0.236152,0.529677,0.331816,0.280277,0.872576,0.799622,0.766944,
0.277344,0.403292,0.2336,0.379009,0.620586,0.408739,0.3391,0.925208,0.8431,0.801427,
0.777344,0.736626,0.4336,0.521866,0.711495,0.485662,0.397924,0.977839,0.886578,0.83591,
0.152344,0.18107,0.6336,0.664723,0.802404,0.562585,0.456747,0.033241,0.930057,0.870392,
0.652344,0.514403,0.8336,0.80758,0.893313,0.639508,0.515571,0.0858726,0.973535,0.904875,
0.402344,0.847737,0.0736,0.950437,0.984222,0.716431,0.574394,0.138504,0.0189036,0.939358,
0.902344,0.292181,0.2736,0.113703,0.0833959,0.793355,0.633218,0.191136,0.0623819,0.973841,
0.0898438,0.625514,0.4736,0.25656,0.174305,0.870278,0.692042,0.243767,0.10586,0.00951249,
0.589844,0.958848,0.6736,0.399417,0.265214,0.947201,0.750865,0.296399,0.149338,0.0439952,
0.339844,0.106996,0.8736,0.542274,0.356123,0.030041,0.809689,0.34903,0.192817,0.078478,
0.839844,0.440329,0.1136,0.685131,0.447032,0.106964,0.868512,0.401662,0.236295,0.112961,
0.214844,0.773663,0.3136,0.827988,0.537941,0.183887,0.927336,0.454294,0.279773,0.147444,
0.714844,0.218107,0.5136,0.970845,0.62885,0.26081,0.986159,0.506925,0.323251,0.181926,
0.464844,0.55144,0.7136,0.134111,0.71976,0.337733,0.0484429,0.559557,0.36673,0.216409,
0.964844,0.884774,0.9136,0.276968,0.810669,0.414656,0.107266,0.612188,0.410208,0.250892,
0.0585938,0.329218,0.1536,0.419825,0.901578,0.491579,0.16609,0.66482,0.453686,0.285375,
0.558594,0.662551,0.3536,0.562682,0.992487,0.568503,0.224913,0.717452,0.497164,0.319857,
0.308594,0.995885,0.5536,0.705539,0.00150263,0.645426,0.283737,0.770083,0.540643,0.35434,
0.808594,0.00137174,0.7536,0.848397,0.0924117,0.722349,0.342561,0.822715,0.584121,0.388823,
0.183594,0.334705,0.9536,0.991254,0.183321,0.799272,0.401384,0.875346,0.627599,0.423306,
0.683594,0.668038,0.1936,0.0145773,0.27423,0.876195,0.460208,0.927978,0.671078,0.457788,
0.433594,0.112483,0.3936,0.157434,0.365139,0.953118,0.519031,0.980609,0.714556,0.492271,
0.933594,0.445816,0.5936,0.300292,0.456048,0.0359581,0.577855,0.0360111,0.758034,0.526754,
0.121094,0.77915,0.7936,0.443149,0.546957,0.112881,0.636678,0.0886427,0.801512,0.561237,
0.621094,0.223594,0.9936,0.586006,0.637866,0.189804,0.695502,0.141274,0.844991,0.595719,
0.371094,0.556927,0.0032,0.728863,0.728775,0.266727,0.754325,0.193906,0.888469,0.630202,
0.871094,0.890261,0.2032,0.87172,0.819684,0.34365,0.813149,0.246537,0.931947,0.664685,
0.246094,0.0384088,0.4032,0.0349854,0.910594,0.420574,0.871972,0.299169,0.975425,0.699168,
0.746094,0.371742,0.6032,0.177843,0.00976709,0.497497,0.930796,0.351801,0.020794,0.73365,
0.496094,0.705075,0.8032,0.3207,0.100676,0.57442,0.989619,0.404432,0.0642722,0.768133,
0.996094,0.14952,0.0432,0.463557,0.191585,0.651343,0.0519031,0.457064,0.10775,0.802616,
0.00195312,0.482853,0.2432,0.606414,0.282494,0.728266,0.110727,0.509695,0.151229,0.837099,
0.501953,0.816187,0.4432,0.749271,0.373403,0.805189,0.16955,0.562327,0.194707,0.871581,
0.251953,0.260631,0.6432,0.892128,0.464313,0.882112,0.228374,0.614958,0.238185,0.906064,
0.751953,0.593964,0.8432,0.0553936,0.555222,0.959035,0.287197,0.66759,0.281664,0.940547,
0.126953,0.927298,0.0832,0.198251,0.646131,0.0418753,0.346021,0.720222,0.325142,0.97503,
0.626953,0.0754458,0.2832,0.341108,0.73704,0.118798,0.404844,0.772853,0.36862,0.0107015,
0.376953,0.408779,0.4832,0.483965,0.827949,0.195721,0.463668,0.825485,0.412098,0.0451843,
0.876953,0.742112,0.6832,0.626822,0.918858,0.272645,0.522491,0.878116,0.455577,0.0796671,
0.0644531,0.186557,0.8832,0.769679,0.0180316,0.349568,0.581315,0.930748,0.499055,0.11415,
0.564453,0.51989,0.1232,0.912536,0.108941,0.426491,0.640138,0.98338,0.542533,0.148633,
0.314453,0.853224,0.3232,0.0758017,0.19985,0.503414,0.698962,0.0387812,0.586011,0.183115,
0.814453,0.297668,0.5232,0.218659,0.290759,0.580337,0.757785,0.0914127,0.62949,0.217598,
0.189453,0.631001,0.7232,0.361516,0.381668,0.65726,0.816609,0.144044,0.672968,0.252081,
0.689453,0.964335,0.9232,0.504373,0.472577,0.734183,0.875433,0.196676,0.716446,0.286564,
0.439453,0.0137174,0.1632,0.64723,0.563486,0.811106,0.934256,0.249307,0.759924,0.321046,
0.939453,0.347051,0.3632,0.790087,0.654395,0.888029,0.99308,0.301939,0.803403,0.355529,
0.0332031,0.680384,0.5632,0.932945,0.745304,0.964952,0.0553633,0.354571,0.846881,0.390012,
0.533203,0.124829,0.7632,0.0962099,0.836213,0.0477924,0.114187,0.407202,0.890359,0.424495,
0.283203,0.458162,0.9632,0.239067,0.927122,0.124716,0.17301,0.459834,0.933837,0.458977,
0.783203,0.791495,0.0112,0.381924,0.026296,0.201639,0.231834,0.512465,0.977316,0.49346,
0.158203,0.23594,0.2112,0.524781,0.117205,0.278562,0.290657,0.565097,0.0226843,0.527943,
0.658203,0.569273,0.4112,0.667638,0.208114,0.355485,0.349481,0.617729,0.0661626,0.562426,
0.408203,0.902606,0.6112,0.810496,0.299023,0.432408,0.408304,0.67036,0.109641,0.596908,
0.908203,0.0507545,0.8112,0.953353,0.389932,0.509331,0.467128,0.722992,0.153119,0.631391,
0.0957031,0.384088,0.0512,0.116618,0.480841,0.586254,0.525952,0.775623,0.196597,0.665874,
0.595703,0.717421,0.2512,0.259475,0.571751,0.663177,0.584775,0.828255,0.240076,0.700357,
0.345703,0.161866,0.4512,0.402332,0.66266,0.7401,0.643599,0.880886,0.283554,0.734839,
0.845703,0.495199,0.6512,0.54519,0.753569,0.817023,0.702422,0.933518,0.327032,0.769322,
0.220703,0.828532,0.8512,0.688047,0.844478,0.893946,0.761246,0.98615,0.37051,0.803805,
0.720703,0.272977,0.0912,0.830904,0.935387,0.970869,0.820069,0.0415512,0.413989,0.838288,
0.470703,0.60631,0.2912,0.973761,0.0345605,0.0537096,0.878893,0.0941828,0.457467,0.872771,
0.970703,0.939643,0.4912,0.137026,0.12547,0.130633,0.937716,0.146814,0.500945,0.907253,
0.0175781,0.0877915,0.6912,0.279883,0.216379,0.207556,0.99654,0.199446,0.544423,0.941736,
0.517578,0.421125,0.8912,0.422741,0.307288,0.284479,0.000203542,0.252078,0.587902,0.976219,
0.267578,0.754458,0.1312,0.565598,0.398197,0.361402,0.0590271,0.304709,0.63138,0.0118906,
0.767578,0.198903,0.3312,0.708455,0.489106,0.438325,0.117851,0.357341,0.674858,0.0463734,
0.142578,0.532236,0.5312,0.851312,0.580015,0.515248,0.176674,0.409972,0.718336,0.0808561,
0.642578,0.865569,0.7312,0.994169,0.670924,0.592171,0.235498,0.462604,0.761815,0.115339,
0.392578,0.310014,0.9312,0.0174927,0.761833,0.669094,0.294321,0.515235,0.805293,0.149822,
0.892578,0.643347,0.1712,0.16035,0.852742,0.746017,0.353145,0.567867,0.848771,0.184304,
0.0800781,0.97668,0.3712,0.303207,0.943651,0.82294,0.411968,0.620499,0.89225,0.218787,
0.580078,0.0260631,0.5712,0.446064,0.0428249,0.899863,0.470792,0.67313,0.935728,0.25327,
0.330078,0.359396,0.7712,0.588921,0.133734,0.976787,0.529615,0.725762,0.979206,0.287753,
0.830078,0.69273,0.9712,0.731778,0.224643,0.0596268,0.588439,0.778393,0.0245747,0.322235,
0.205078,0.137174,0.0192,0.874636,0.315552,0.13655,0.647262,0.831025,0.0680529,0.356718,
0.705078,0.470508,0.2192,0.0379009,0.406461,0.213473,0.706086,0.883657,0.111531,0.391201,
0.455078,0.803841,0.4192,0.180758,0.49737,0.290396,0.764909,0.936288,0.155009,0.425684,
0.955078,0.248285,0.6192,0.323615,0.588279,0.367319,0.823733,0.98892,0.198488,0.460166,
0.0488281,0.581619,0.8192,0.466472,0.679189,0.444242,0.882556,0.0443213,0.241966,0.494649,
0.548828,0.914952,0.0592,0.609329,0.770098,0.521165,0.94138,0.0969529,0.285444,0.529132,
0.298828,0.0631001,0.2592,0.752187,0.861007,0.598088,0.00366375,0.149584,0.328922,0.563615,
0.798828,0.396433,0.4592,0.895044,0.951916,0.675011,0.0624873,0.202216,0.372401,0.598098,
0.173828,0.729767,0.6592,0.058309,0.0510894,0.751934,0.121311,0.254848,0.415879,0.63258,
0.673828,0.174211,0.8592,0.201166,0.141998,0.828858,0.180134,0.307479,0.459357,0.667063,
0.423828,0.507545,0.0992,0.344023,0.232908,0.905781,0.238958,0.360111,0.502836,0.701546,
0.923828,0.840878,0.2992,0.48688,0.323817,0.982704,0.297781,0.412742,0.546314,0.736029,
0.111328,0.285322,0.4992,0.629738,0.414726,0.0655439,0.356605,0.465374,0.589792,0.770511,
0.611328,0.618656,0.6992,0.772595,0.505635,0.142467,0.415428,0.518006,0.63327,0.804994,
0.361328,0.951989,0.8992,0.915452,0.596544,0.21939,0.474252,0.570637,0.676749,0.839477,
0.861328,0.100137,0.1392,0.0787172,0.687453,0.296313,0.533076,0.623269,0.720227,0.87396,
0.236328,0.433471,0.3392,0.221574,0.778362,0.373236,0.591899,0.6759,0.763705,0.908442,
0.736328,0.766804,0.5392,0.364431,0.869271,0.450159,0.650723,0.728532,0.807183,0.942925,
0.486328,0.211248,0.7392,0.507289,0.96018,0.527082,0.709546,0.781163,0.850662,0.977408,
0.986328,0.544582,0.9392,0.650146,0.0593539,0.604005,0.76837,0.833795,0.89414,0.0130797,
0.00976562,0.877915,0.1792,0.793003,0.150263,0.680929,0.827193,0.886427,0.937618,0.0475624,
0.509766,0.322359,0.3792,0.93586,0.241172,0.757852,0.886017,0.939058,0.981096,0.0820452,
0.259766,0.655693,0.5792,0.0991254,0.332081,0.834775,0.94484,0.99169,0.026465,0.116528,
0.759766,0.989026,0.7792,0.241983,0.42299,0.911698,0.00712396,0.0470914,0.0699433,0.151011,
0.134766,0.00548697,0.9792,0.38484,0.513899,0.988621,0.0659475,0.099723,0.113422,0.185493,
0.634766,0.33882,0.0272,0.527697,0.604808,0.0714611,0.124771,0.152355,0.1569,0.219976,
0.384766,0.672154,0.2272,0.670554,0.695718,0.148384,0.183595,0.204986,0.200378,0.254459,
0.884766,0.116598,0.4272,0.813411,0.786627,0.225307,0.242418,0.257618,0.243856,0.288942,
0.0722656,0.449931,0.6272,0.956268,0.877536,0.30223,0.301242,0.310249,0.287335,0.323424,
0.572266,0.783265,0.8272,0.119534,0.968445,0.379153,0.360065,0.362881,0.330813,0.357907,
0.322266,0.227709,0.0672,0.262391,0.0676183,0.456076,0.418889,0.415512,0.374291,0.39239,
0.822266,0.561043,0.2672,0.405248,0.158527,0.533,0.477712,0.468144,0.417769,0.426873,
0.197266,0.894376,0.4672,0.548105,0.249437,0.609923,0.536536,0.520776,0.461248,0.461356,
0.697266,0.042524,0.6672,0.690962,0.340346,0.686846,0.595359,0.573407,0.504726,0.495838,
0.447266,0.375857,0.8672,0.833819,0.431255,0.763769,0.654183,0.626039,0.548204,0.530321,
0.947266,0.709191,0.1072,0.976676,0.522164,0.840692,0.713006,0.67867,0.591682,0.564804,
0.0410156,0.153635,0.3072,0.139942,0.613073,0.917615,0.77183,0.731302,0.635161,0.599287,
0.541016,0.486968,0.5072,0.282799,0.703982,0.994538,0.830653,0.783934,0.678639,0.633769,
0.291016,0.820302,0.7072,0.425656,0.794891,0.000910332,0.889477,0.836565,0.722117,0.668252,
0.791016,0.264746,0.9072,0.568513,0.8858,0.0778334,0.9483,0.889197,0.765595,0.702735,
0.166016,0.59808,0.1472,0.71137,0.976709,0.154756,0.0105842,0.941828,0.809074,0.737218,
0.666016,0.931413,0.3472,0.854227,0.0758828,0.23168,0.0694077,0.99446,0.852552,0.7717,
0.416016,0.079561,0.5472,0.997085,0.166792,0.308603,0.128231,0.0498615,0.89603,0.806183,
0.916016,0.412894,0.7472,0.000416493,0.257701,0.385526,0.187055,0.102493,0.939509,0.840666,
0.103516,0.746228,0.9472,0.143274,0.34861,0.462449,0.245878,0.155125,0.982987,0.875149,
0.603516,0.190672,0.1872,0.286131,0.439519,0.539372,0.304702,0.207756,0.0283554,0.909631,
0.353516,0.524005,0.3872,0.428988,0.530428,0.616295,0.363525,0.260388,0.0718336,0.944114,
0.853516,0.857339,0.5872,0.571845,0.621337,0.693218,0.422349,0.313019,0.115312,0.978597,
0.228516,0.301783,0.7872,0.714702,0.712246,0.770141,0.481172,0.365651,0.15879,0.0142687,
0.728516,0.635117,0.9872,0.857559,0.803156,0.847064,0.539996,0.418283,0.202268,0.0487515,
0.478516,0.96845,0.0352,0.0208247,0.894065,0.923987,0.598819,0.470914,0.245747,0.0832342,
0.978516,0.0178326,0.2352,0.163682,0.984974,0.00682749,0.657643,0.523546,0.289225,0.117717,
0.0253906,0.351166,0.4352,0.306539,0.0841473,0.0837506,0.716467,0.576177,0.332703,0.1522,
0.525391,0.684499,0.6352,0.449396,0.175056,0.160674,0.77529,0.628809,0.376181,0.186683,
0.275391,0.128944,0.8352,0.592253,0.265965,0.237597,0.834114,0.68144,0.41966,0.221165,
0.775391,0.462277,0.0752,0.73511,0.356875,0.31452,0.892937,0.734072,0.463138,0.255648,
0.150391,0.79561,0.2752,0.877968,0.447784,0.391443,0.951761,0.786704,0.506616,0.290131,
0.650391,0.240055,0.4752,0.0412328,0.538693,0.468366,0.0140444,0.839335,0.550095,0.324614,
0.400391,0.573388,0.6752,0.18409,0.629602,0.545289,0.0728679,0.891967,0.593573,0.359096,
0.900391,0.906722,0.8752,0.326947,0.720511,0.622212,0.131691,0.944598,0.637051,0.393579,
0.0878906,0.0548697,0.1152,0.469804,0.81142,0.699135,0.190515,0.99723,0.680529,0.428062,
0.587891,0.388203,0.3152,0.612661,0.902329,0.776058,0.249338,0.000145794,0.724008,0.462545,
0.337891,0.721536,0.5152,0.755519,0.993238,0.852981,0.308162,0.0527774,0.767486,0.497027,
0.837891,0.165981,0.7152,0.898376,0.00225394,0.929904,0.366986,0.105409,0.810964,0.53151,
0.212891,0.499314,0.9152,0.061641,0.093163,0.0127447,0.425809,0.158041,0.854442,0.565993,
0.712891,0.832647,0.1552,0.204498,0.184072,0.0896677,0.484633,0.210672,0.897921,0.600476,
0.462891,0.277092,0.3552,0.347355,0.274981,0.166591,0.543456,0.263304,0.941399,0.634958,
0.962891,0.610425,0.5552,0.490212,0.36589,0.243514,0.60228,0.315935,0.984877,0.669441,
0.0566406,0.943759,0.7552,0.63307,0.456799,0.320437,0.661103,0.368567,0.0302457,0.703924,
0.556641,0.0919067,0.9552,0.775927,0.547708,0.39736,0.719927,0.421198,0.073724,0.738407,
0.306641,0.42524,0.1952,0.918784,0.638618,0.474283,0.77875,0.47383,0.117202,0.772889,
0.806641,0.758573,0.3952,0.0820491,0.729527,0.551206,0.837574,0.526462,0.160681,0.807372,
0.181641,0.203018,0.5952,0.224906,0.820436,0.628129,0.896397,0.579093,0.204159,0.841855,
0.681641,0.536351,0.7952,0.367763,0.911345,0.705052,0.955221,0.631725,0.247637,0.876338,
0.431641,0.869684,0.9952,0.510621,0.0105184,0.781975,0.0175046,0.684356,0.291115,0.91082,
0.931641,0.314129,0.0048,0.653478,0.101427,0.858898,0.0763281,0.736988,0.334594,0.945303,
0.119141,0.647462,0.2048,0.796335,0.192337,0.935822,0.135152,0.789619,0.378072,0.979786,
0.619141,0.980796,0.4048,0.939192,0.283246,0.0186618,0.193975,0.842251,0.42155,0.0154578,
0.369141,0.0301783,0.6048,0.102457,0.374155,0.0955849,0.252799,0.894883,0.465028,0.0499405,
0.869141,0.363512,0.8048,0.245314,0.465064,0.172508,0.311622,0.947514,0.508507,0.0844233,
0.244141,0.696845,0.0448,0.388172,0.555973,0.249431,0.370446,0.00291588,0.551985,0.118906,
0.744141,0.141289,0.2448,0.531029,0.646882,0.326354,0.429269,0.0555475,0.595463,0.153389,
0.494141,0.474623,0.4448,0.673886,0.737791,0.403277,0.488093,0.108179,0.638941,0.187872,
0.994141,0.807956,0.6448,0.816743,0.8287,0.4802,0.546916,0.160811,0.68242,0.222354,
0.00585938,0.252401,0.8448,0.9596,0.919609,0.557123,0.60574,0.213442,0.725898,0.256837,
0.505859,0.585734,0.0848,0.122865,0.0187829,0.634046,0.664563,0.266074,0.769376,0.29132,
0.255859,0.919067,0.2848,0.265723,0.109692,0.71097,0.723387,0.318705,0.812854,0.325803,
0.755859,0.0672154,0.4848,0.40858,0.200601,0.787893,0.78221,0.371337,0.856333,0.360285,
0.130859,0.400549,0.6848,0.551437,0.29151,0.864816,0.841034,0.423969,0.899811,0.394768,
0.630859,0.733882,0.8848,0.694294,0.382419,0.941739,0.899858,0.4766,0.943289,0.429251,
0.380859,0.178326,0.1248,0.837151,0.473328,0.024579,0.958681,0.529232,0.986767,0.463734,
0.880859,0.51166,0.3248,0.980008,0.564237,0.101502,0.0209648,0.581863,0.0321361,0.498216,
0.0683594,0.844993,0.5248,0.00333195,0.655147,0.178425,0.0797883,0.634495,0.0756144,0.532699,
0.568359,0.289438,0.7248,0.146189,0.746056,0.255348,0.138612,0.687126,0.119093,0.567182,
0.318359,0.622771,0.9248,0.289046,0.836965,0.332271,0.197435,0.739758,0.162571,0.601665,
0.818359,0.956104,0.1648,0.431903,0.927874,0.409194,0.256259,0.79239,0.206049,0.636147,
0.193359,0.104252,0.3648,0.574761,0.0270473,0.486117,0.315082,0.845021,0.249527,0.67063,
0.693359,0.437586,0.5648,0.717618,0.117956,0.563041,0.373906,0.897653,0.293006,0.705113,
0.443359,0.770919,0.7648,0.860475,0.208866,0.639964,0.432729,0.950284,0.336484,0.739596,
0.943359,0.215364,0.9648,0.0237401,0.299775,0.716887,0.491553,0.00568596,0.379962,0.774078,
0.0371094,0.548697,0.0128,0.166597,0.390684,0.79381,0.550377,0.0583175,0.42344,0.808561,
0.537109,0.88203,0.2128,0.309454,0.481593,0.870733,0.6092,0.110949,0.466919,0.843044,
0.287109,0.326475,0.4128,0.452312,0.572502,0.947656,0.668024,0.163581,0.510397,0.877527,
0.787109,0.659808,0.6128,0.595169,0.663411,0.0304961,0.726847,0.216212,0.553875,0.91201,
0.162109,0.993141,0.8128,0.738026,0.75432,0.107419,0.785671,0.268844,0.597353,0.946492,
0.662109,0.00960219,0.0528,0.880883,0.845229,0.184342,0.844494,0.321475,0.640832,0.980975,
0.412109,0.342936,0.2528,0.0441483,0.936138,0.261265,0.903318,0.374107,0.68431,0.0166468,
0.912109,0.676269,0.4528,0.187005,0.0353118,0.338188,0.962141,0.426739,0.727788,0.0511296,
0.0996094,0.120713,0.6528,0.329863,0.126221,0.415112,0.024425,0.47937,0.771267,0.0856124,
0.599609,0.454047,0.8528,0.47272,0.21713,0.492035,0.0832485,0.532002,0.814745,0.120095,
0.349609,0.78738,0.0928,0.615577,0.308039,0.568958,0.142072,0.584633,0.858223,0.154578,
0.849609,0.231824,0.2928,0.758434,0.398948,0.645881,0.200896,0.637265,0.901701,0.189061,
0.224609,0.565158,0.4928,0.901291,0.489857,0.722804,0.259719,0.689896,0.94518,0.223543,
0.724609,0.898491,0.6928,0.0645564,0.580766,0.799727,0.318543,0.742528,0.988658,0.258026,
0.474609,0.0466392,0.8928,0.207414,0.671675,0.87665,0.377366,0.79516,0.0340265,0.292509,
0.974609,0.379973,0.1328,0.350271,0.762585,0.953573,0.43619,0.847791,0.0775047,0.326992,
0.0214844,0.713306,0.3328,0.493128,0.853494,0.0364133,0.495013,0.900423,0.120983,0.361474,
0.521484,0.15775,0.5328,0.635985,0.944403,0.113336,0.553837,0.953054,0.164461,0.395957,
0.271484,0.491084,0.7328,0.778842,0.0435763,0.190259,0.61266,0.00845604,0.20794,0.43044,
0.771484,0.824417,0.9328,0.921699,0.134485,0.267183,0.671484,0.0610876,0.251418,0.464923,
0.146484,0.268861,0.1728,0.0849646,0.225394,0.344106,0.730307,0.113719,0.294896,0.499405,
0.646484,0.602195,0.3728,0.227822,0.316304,0.421029,0.789131,0.166351,0.338374,0.533888,
0.396484,0.935528,0.5728,0.370679,0.407213,0.497952,0.847954,0.218982,0.381853,0.568371,
0.896484,0.0836763,0.7728,0.513536,0.498122,0.574875,0.906778,0.271614,0.425331,0.602854,
0.0839844,0.41701,0.9728,0.656393,0.589031,0.651798,0.965601,0.324246,0.468809,0.637337,
0.583984,0.750343,0.0208,0.79925,0.67994,0.728721,0.0278852,0.376877,0.512287,0.671819,
0.333984,0.194787,0.2208,0.942107,0.770849,0.805644,0.0867087,0.429509,0.555766,0.706302,
0.833984,0.528121,0.4208,0.105373,0.861758,0.882567,0.145532,0.48214,0.599244,0.740785,
0.208984,0.861454,0.6208,0.24823,0.952667,0.95949,0.204356,0.534772,0.642722,0.775268,
0.708984,0.305898,0.8208,0.391087,0.0518407,0.0423305,0.263179,0.587403,0.6862,0.80975,
0.458984,0.639232,0.0608,0.533944,0.14275,0.119254,0.322003,0.640035,0.729679,0.844233,
0.958984,0.972565,0.2608,0.676801,0.233659,0.196177,0.380826,0.692667,0.773157,0.878716,
0.0527344,0.0219479,0.4608,0.819658,0.324568,0.2731,0.43965,0.745298,0.816635,0.913199,
0.552734,0.355281,0.6608,0.962516,0.415477,0.350023,0.498473,0.79793,0.860113,0.947681,
0.302734,0.688615,0.8608,0.125781,0.506386,0.426946,0.557297,0.850561,0.903592,0.982164,
0.802734,0.133059,0.1008,0.268638,0.597295,0.503869,0.61612,0.903193,0.94707,0.0178359,
0.177734,0.466392,0.3008,0.411495,0.688204,0.580792,0.674944,0.955824,0.990548,0.0523187,
0.677734,0.799726,0.5008,0.554352,0.779113,0.657715,0.733768,0.0112261,0.0359168,0.0868014,
0.427734,0.24417,0.7008,0.697209,0.870023,0.734638,0.792591,0.0638577,0.0793951,0.121284,
0.927734,0.577503,0.9008,0.840067,0.960932,0.811561,0.851415,0.116489,0.122873,0.155767,
0.115234,0.910837,0.1408,0.982924,0.0601052,0.888484,0.910238,0.169121,0.166352,0.19025,
0.615234,0.0589849,0.3408,0.0062474,0.151014,0.965407,0.969062,0.221752,0.20983,0.224732,
0.365234,0.392318,0.5408,0.149105,0.241923,0.0482476,0.0313454,0.274384,0.253308,0.259215,
0.865234,0.725652,0.7408,0.291962,0.332832,0.125171,0.0901689,0.327016,0.296786,0.293698,
0.240234,0.170096,0.9408,0.434819,0.423742,0.202094,0.148992,0.379647,0.340265,0.328181,
0.740234,0.503429,0.1808,0.577676,0.514651,0.279017,0.207816,0.432279,0.383743,0.362663,
0.490234,0.836763,0.3808,0.720533,0.60556,0.35594,0.26664,0.48491,0.427221,0.397146,
0.990234,0.281207,0.5808,0.86339,0.696469,0.432863,0.325463,0.537542,0.470699,0.431629,
0.0136719,0.61454,0.7808,0.0266556,0.787378,0.509786,0.384287,0.590173,0.514178,0.466112,
0.513672,0.947874,0.9808,0.169513,0.878287,0.586709,0.44311,0.642805,0.557656,0.500595,
0.263672,0.0960219,0.0288,0.31237,0.969196,0.663632,0.501934,0.695437,0.601134,0.535077,
0.763672,0.429355,0.2288,0.455227,0.0683696,0.740555,0.560757,0.748068,0.644612,0.56956,
0.138672,0.762689,0.4288,0.598084,0.159279,0.817478,0.619581,0.8007,0.688091,0.604043,
0.638672,0.207133,0.6288,0.740941,0.250188,0.894401,0.678404,0.853331,0.731569,0.638526,
0.388672,0.540466,0.8288,0.883798,0.341097,0.971325,0.737228,0.905963,0.775047,0.673008,
0.888672,0.8738,0.0688,0.0470637,0.432006,0.0541648,0.796051,0.958595,0.818526,0.707491,
0.0761719,0.318244,0.2688,0.189921,0.522915,0.131088,0.854875,0.0139962,0.862004,0.741974,
0.576172,0.651578,0.4688,0.332778,0.613824,0.208011,0.913698,0.0666278,0.905482,0.776457,
0.326172,0.984911,0.6688,0.475635,0.704733,0.284934,0.972522,0.119259,0.94896,0.810939,
0.826172,0.0342936,0.8688,0.618492,0.795642,0.361857,0.0348056,0.171891,0.992439,0.845422,
0.201172,0.367627,0.1088,0.761349,0.886551,0.43878,0.0936291,0.224523,0.0378072,0.879905,
0.701172,0.70096,0.3088,0.904207,0.977461,0.515703,0.152453,0.277154,0.0812854,0.914388,
0.451172,0.145405,0.5088,0.0674719,0.0766341,0.592626,0.211276,0.329786,0.124764,0.94887,
0.951172,0.478738,0.7088,0.210329,0.167543,0.669549,0.2701,0.382417,0.168242,0.983353,
0.0449219,0.812071,0.9088,0.353186,0.258452,0.746472,0.328923,0.435049,0.21172,0.019025,
0.544922,0.256516,0.1488,0.496043,0.349361,0.823396,0.387747,0.48768,0.255198,0.0535077,
0.294922,0.589849,0.3488,0.6389,0.44027,0.900319,0.44657,0.540312,0.298677,0.0879905,
0.794922,0.923182,0.5488,0.781758,0.53118,0.977242,0.505394,0.592944,0.342155,0.122473,
0.169922,0.0713306,0.7488,0.924615,0.622089,0.0600819,0.564217,0.645575,0.385633,0.156956,
0.669922,0.404664,0.9488,0.08788,0.712998,0.137005,0.623041,0.698207,0.429112,0.191439,
0.419922,0.737997,0.1888,0.230737,0.803907,0.213928,0.681864,0.750838,0.47259,0.225922,
0.919922,0.182442,0.3888,0.373594,0.894816,0.290851,0.740688,0.80347,0.516068,0.260404,
0.107422,0.515775,0.5888,0.516451,0.985725,0.367774,0.799512,0.856101,0.559546,0.294887,
0.607422,0.849108,0.7888,0.659309,0.0848986,0.444697,0.858335,0.908733,0.603025,0.32937,
0.357422,0.293553,0.9888,0.802166,0.175808,0.52162,0.917159,0.961365,0.646503,0.363853,
0.857422,0.626886,0.0368,0.945023,0.266717,0.598543,0.975982,0.0167663,0.689981,0.398335,
0.232422,0.960219,0.2368,0.108288,0.357626,0.675467,0.0382658,0.0693979,0.733459,0.432818,
0.732422,0.108368,0.4368,0.251145,0.448535,0.75239,0.0970894,0.122029,0.776938,0.467301,
0.482422,0.441701,0.6368,0.394002,0.539444,0.829313,0.155913,0.174661,0.820416,0.501784,
0.982422,0.775034,0.8368,0.53686,0.630353,0.906236,0.214736,0.227293,0.863894,0.536266,
0.0292969,0.219479,0.0768,0.679717,0.721262,0.983159,0.27356,0.279924,0.907372,0.570749,
0.529297,0.552812,0.2768,0.822574,0.812171,0.0659991,0.332383,0.332556,0.950851,0.605232,
0.279297,0.886145,0.4768,0.965431,0.90308,0.142922,0.391207,0.385187,0.994329,0.639715,
0.779297,0.33059,0.6768,0.128696,0.993989,0.219845,0.450031,0.437819,0.0396975,0.674197,
0.154297,0.663923,0.8768,0.271554,0.00300526,0.296768,0.508854,0.490451,0.0831758,0.70868,
0.654297,0.997257,0.1168,0.414411,0.0939144,0.373691,0.567678,0.543082,0.126654,0.743163,
0.404297,0.00274348,0.3168,0.557268,0.184823,0.450614,0.626501,0.595714,0.170132,0.777646,
0.904297,0.336077,0.5168,0.700125,0.275733,0.527538,0.685325,0.648345,0.213611,0.812128,
0.0917969,0.66941,0.7168,0.842982,0.366642,0.604461,0.744148,0.700977,0.257089,0.846611,
0.591797,0.113855,0.9168,0.985839,0.457551,0.681384,0.802972,0.753608,0.300567,0.881094,
0.341797,0.447188,0.1568,0.00916285,0.54846,0.758307,0.861795,0.80624,0.344045,0.915577,
0.841797,0.780521,0.3568,0.15202,0.639369,0.83523,0.920619,0.858872,0.387524,0.950059,
0.216797,0.224966,0.5568,0.294877,0.730278,0.912153,0.979442,0.911503,0.431002,0.984542,
0.716797,0.558299,0.7568,0.437734,0.821187,0.989076,0.041726,0.964135,0.47448,0.020214,
0.466797,0.891632,0.9568,0.580591,0.912096,0.0719162,0.10055,0.0195364,0.517958,0.0546968,
0.966797,0.0397805,0.1968,0.723449,0.0112697,0.148839,0.159373,0.072168,0.561437,0.0891795,
0.0605469,0.373114,0.3968,0.866306,0.102179,0.225762,0.218197,0.1248,0.604915,0.123662,
0.560547,0.706447,0.5968,0.029571,0.193088,0.302685,0.27702,0.177431,0.648393,0.158145,
0.310547,0.150892,0.7968,0.172428,0.283997,0.379609,0.335844,0.230063,0.691871,0.192628,
0.810547,0.484225,0.9968,0.315285,0.374906,0.456532,0.394667,0.282694,0.73535,0.227111,
0.185547,0.817558,0.0064,0.458142,0.465815,0.533455,0.453491,0.335326,0.778828,0.261593,
