512,20
0.5,0.5,0.5,0.5,0.5,0.5,0.5,0.5,0.5,0.5,0.5,0.5,0.5,0.5,0.5,0.5,0.5,0.5,0.5,0.5,
0.75,0.25,0.75,0.25,0.75,0.25,0.75,0.25,0.25,0.75,0.25,0.75,0.25,0.75,0.25,0.75,0.75,0.25,0.75,0.25,
0.25,0.75,0.25,0.75,0.25,0.75,0.25,0.75,0.75,0.25,0.75,0.25,0.75,0.25,0.75,0.25,0.25,0.75,0.25,0.75,
0.375,0.375,0.625,0.125,0.875,0.875,0.125,0.625,0.125,0.875,0.375,0.625,0.125,0.375,0.625,0.125,0.625,0.375,0.375,0.875,
0.875,0.875,0.125,0.625,0.375,0.375,0.625,0.125,0.625,0.375,0.875,0.125,0.625,0.875,0.125,0.625,0.125,0.875,0.875,0.375,
0.625,0.125,0.375,0.375,0.125,0.625,0.875,0.875,0.375,0.125,0.125,0.375,0.375,0.625,0.875,0.875,0.375,0.125,0.625,0.625,
0.125,0.625,0.875,0.875,0.625,0.125,0.375,0.375,0.875,0.625,0.625,0.875,0.875,0.125,0.375,0.375,0.875,0.625,0.125,0.125,
0.1875,0.3125,0.3125,0.6875,0.5625,0.1875,0.0625,0.9375,0.1875,0.0625,0.6875,0.8125,0.5625,0.6875,0.1875,0.6875,0.1875,0.0625,0.0625,0.8125,
0.6875,0.8125,0.8125,0.1875,0.0625,0.6875,0.5625,0.4375,0.6875,0.5625,0.1875,0.3125,0.0625,0.1875,0.6875,0.1875,0.6875,0.5625,0.5625,0.3125,
0.9375,0.0625,0.5625,0.9375,0.3125,0.4375,0.8125,0.6875,0.4375,0.8125,0.9375,0.0625,0.8125,0.4375,0.4375,0.4375,0.9375,0.3125,0.8125,0.5625,
0.4375,0.5625,0.0625,0.4375,0.8125,0.9375,0.3125,0.1875,0.9375,0.3125,0.4375,0.5625,0.3125,0.9375,0.9375,0.9375,0.4375,0.8125,0.3125,0.0625,
0.3125,0.1875,0.9375,0.5625,0.4375,0.8125,0.1875,0.3125,0.0625,0.9375,0.8125,0.4375,0.6875,0.8125,0.5625,0.5625,0.5625,0.4375,0.4375,0.1875,
0.8125,0.6875,0.4375,0.0625,0.9375,0.3125,0.6875,0.8125,0.5625,0.4375,0.3125,0.9375,0.1875,0.3125,0.0625,0.0625,0.0625,0.9375,0.9375,0.6875,
0.5625,0.4375,0.1875,0.8125,0.6875,0.5625,0.9375,0.0625,0.3125,0.1875,0.5625,0.6875,0.9375,0.0625,0.8125,0.3125,0.3125,0.1875,0.6875,0.4375,
0.0625,0.9375,0.6875,0.3125,0.1875,0.0625,0.4375,0.5625,0.8125,0.6875,0.0625,0.1875,0.4375,0.5625,0.3125,0.8125,0.8125,0.6875,0.1875,0.9375,
0.09375,0.46875,0.84375,0.40625,0.28125,0.34375,0.53125,0.84375,0.78125,0.40625,0.40625,0.84375,0.84375,0.15625,0.78125,0.53125,0.09375,0.53125,0.34375,0.46875,
0.59375,0.96875,0.34375,0.90625,0.78125,0.84375,0.03125,0.34375,0.28125,0.90625,0.90625,0.34375,0.34375,0.65625,0.28125,0.03125,0.59375,0.03125,0.84375,0.96875,
0.84375,0.21875,0.09375,0.15625,0.53125,0.09375,0.28125,0.59375,0.53125,0.65625,0.15625,0.09375,0.59375,0.90625,0.53125,0.28125,0.84375,0.78125,0.59375,0.21875,
0.34375,0.71875,0.59375,0.65625,0.03125,0.59375,0.78125,0.09375,0.03125,0.15625,0.65625,0.59375,0.09375,0.40625,0.03125,0.78125,0.34375,0.28125,0.09375,0.71875,
0.46875,0.09375,0.46875,0.28125,0.65625,0.71875,0.65625,0.46875,0.90625,0.53125,0.03125,0.46875,0.96875,0.28125,0.40625,0.65625,0.71875,0.90625,0.21875,0.59375,
0.96875,0.59375,0.96875,0.78125,0.15625,0.21875,0.15625,0.96875,0.40625,0.03125,0.53125,0.96875,0.46875,0.78125,0.90625,0.15625,0.21875,0.40625,0.71875,0.09375,
0.71875,0.34375,0.71875,0.03125,0.40625,0.96875,0.40625,0.21875,0.65625,0.28125,0.28125,0.71875,0.71875,0.53125,0.15625,0.40625,0.46875,0.65625,0.96875,0.84375,
0.21875,0.84375,0.21875,0.53125,0.90625,0.46875,0.90625,0.71875,0.15625,0.78125,0.78125,0.21875,0.21875,0.03125,0.65625,0.90625,0.96875,0.15625,0.46875,0.34375,
0.15625,0.15625,0.53125,0.84375,0.84375,0.40625,0.59375,0.15625,0.96875,0.46875,0.84375,0.03125,0.28125,0.59375,0.96875,0.21875,0.15625,0.59375,0.28125,0.65625,
0.65625,0.65625,0.03125,0.34375,0.34375,0.90625,0.09375,0.65625,0.46875,0.96875,0.34375,0.53125,0.78125,0.09375,0.46875,0.71875,0.65625,0.09375,0.78125,0.15625,
0.90625,0.40625,0.28125,0.59375,0.09375,0.15625,0.34375,0.40625,0.71875,0.71875,0.59375,0.78125,0.03125,0.34375,0.71875,0.96875,0.90625,0.84375,0.53125,0.90625,
0.40625,0.90625,0.78125,0.09375,0.59375,0.65625,0.84375,0.90625,0.21875,0.21875,0.09375,0.28125,0.53125,0.84375,0.21875,0.46875,0.40625,0.34375,0.03125,0.40625,
0.28125,0.28125,0.15625,0.96875,0.21875,0.53125,0.71875,0.53125,0.84375,0.59375,0.71875,0.65625,0.40625,0.96875,0.34375,0.09375,0.53125,0.96875,0.15625,0.28125,
0.78125,0.78125,0.65625,0.46875,0.71875,0.03125,0.21875,0.03125,0.34375,0.09375,0.21875,0.15625,0.90625,0.46875,0.84375,0.59375,0.03125,0.46875,0.65625,0.78125,
0.53125,0.03125,0.90625,0.71875,0.96875,0.78125,0.46875,0.78125,0.59375,0.34375,0.96875,0.40625,0.15625,0.21875,0.09375,0.84375,0.28125,0.71875,0.90625,0.03125,
0.03125,0.53125,0.40625,0.21875,0.46875,0.28125,0.96875,0.28125,0.09375,0.84375,0.46875,0.90625,0.65625,0.71875,0.59375,0.34375,0.78125,0.21875,0.40625,0.53125,
0.046875,0.265625,0.609375,0.578125,0.703125,0.640625,0.265625,0.671875,0.578125,0.046875,0.203125,0.140625,0.359375,0.171875,0.109375,0.265625,0.859375,0.078125,0.953125,0.453125,
0.546875,0.765625,0.109375,0.078125,0.203125,0.140625,0.765625,0.171875,0.078125,0.546875,0.703125,0.640625,0.859375,0.671875,0.609375,0.765625,0.359375,0.578125,0.453125,0.953125,
0.796875,0.015625,0.359375,0.828125,0.453125,0.890625,0.515625,0.921875,0.828125,0.796875,0.453125,0.890625,0.109375,0.921875,0.359375,0.515625,0.109375,0.328125,0.203125,0.203125,
0.296875,0.515625,0.859375,0.328125,0.953125,0.390625,0.015625,0.421875,0.328125,0.296875,0.953125,0.390625,0.609375,0.421875,0.859375,0.015625,0.609375,0.828125,0.703125,0.703125,
0.421875,0.140625,0.234375,0.703125,0.328125,0.265625,0.390625,0.046875,0.703125,0.921875,0.328125,0.515625,0.484375,0.296875,0.734375,0.390625,0.484375,0.453125,0.578125,0.578125,
0.921875,0.640625,0.734375,0.203125,0.828125,0.765625,0.890625,0.546875,0.203125,0.421875,0.828125,0.015625,0.984375,0.796875,0.234375,0.890625,0.984375,0.953125,0.078125,0.078125,
0.671875,0.390625,0.984375,0.953125,0.578125,0.015625,0.640625,0.296875,0.953125,0.171875,0.078125,0.265625,0.234375,0.546875,0.984375,0.640625,0.734375,0.203125,0.328125,0.828125,
0.171875,0.890625,0.484375,0.453125,0.078125,0.515625,0.140625,0.796875,0.453125,0.671875,0.578125,0.765625,0.734375,0.046875,0.484375,0.140625,0.234375,0.703125,0.828125,0.328125,
0.234375,0.078125,0.796875,0.140625,0.140625,0.578125,0.328125,0.359375,0.640625,0.109375,0.515625,0.953125,0.796875,0.609375,0.171875,0.953125,0.921875,0.015625,0.890625,0.640625,
0.734375,0.578125,0.296875,0.640625,0.640625,0.078125,0.828125,0.859375,0.140625,0.609375,0.015625,0.453125,0.296875,0.109375,0.671875,0.453125,0.421875,0.515625,0.390625,0.140625,
0.984375,0.328125,0.046875,0.390625,0.890625,0.828125,0.578125,0.109375,0.890625,0.859375,0.765625,0.203125,0.546875,0.359375,0.421875,0.203125,0.171875,0.265625,0.140625,0.890625,
0.484375,0.828125,0.546875,0.890625,0.390625,0.328125,0.078125,0.609375,0.390625,0.359375,0.265625,0.703125,0.046875,0.859375,0.921875,0.703125,0.671875,0.765625,0.640625,0.390625,
0.359375,0.453125,0.421875,0.015625,0.765625,0.453125,0.453125,0.984375,0.515625,0.984375,0.890625,0.328125,0.921875,0.984375,0.546875,0.828125,0.296875,0.390625,0.515625,0.265625,
0.859375,0.953125,0.921875,0.515625,0.265625,0.953125,0.953125,0.484375,0.015625,0.484375,0.390625,0.828125,0.421875,0.484375,0.046875,0.328125,0.796875,0.890625,0.015625,0.765625,
0.609375,0.203125,0.671875,0.265625,0.015625,0.203125,0.703125,0.734375,0.765625,0.234375,0.640625,0.578125,0.671875,0.234375,0.796875,0.078125,0.546875,0.140625,0.265625,0.015625,
0.109375,0.703125,0.171875,0.765625,0.515625,0.703125,0.203125,0.234375,0.265625,0.734375,0.140625,0.078125,0.171875,0.734375,0.296875,0.578125,0.046875,0.640625,0.765625,0.515625,
0.078125,0.234375,0.265625,0.984375,0.984375,0.984375,0.796875,0.453125,0.359375,0.390625,0.359375,0.984375,0.515625,0.015625,0.828125,0.796875,0.765625,0.609375,0.671875,0.046875,
0.578125,0.734375,0.765625,0.484375,0.484375,0.484375,0.296875,0.953125,0.859375,0.890625,0.859375,0.484375,0.015625,0.515625,0.328125,0.296875,0.265625,0.109375,0.171875,0.546875,
0.828125,0.484375,0.515625,0.734375,0.234375,0.734375,0.046875,0.203125,0.109375,0.640625,0.109375,0.234375,0.765625,0.765625,0.578125,0.046875,0.015625,0.859375,0.421875,0.296875,
0.328125,0.984375,0.015625,0.234375,0.734375,0.234375,0.546875,0.703125,0.609375,0.140625,0.609375,0.734375,0.265625,0.265625,0.078125,0.546875,0.515625,0.359375,0.921875,0.796875,
0.453125,0.359375,0.890625,0.859375,0.109375,0.109375,0.921875,0.828125,0.484375,0.515625,0.234375,0.359375,0.640625,0.390625,0.453125,0.921875,0.390625,0.984375,0.796875,0.921875,
0.953125,0.859375,0.390625,0.359375,0.609375,0.609375,0.421875,0.328125,0.984375,0.015625,0.734375,0.859375,0.140625,0.890625,0.953125,0.421875,0.890625,0.484375,0.296875,0.421875,
0.703125,0.109375,0.140625,0.609375,0.859375,0.359375,0.171875,0.578125,0.234375,0.265625,0.484375,0.609375,0.890625,0.640625,0.203125,0.171875,0.640625,0.734375,0.046875,0.671875,
0.203125,0.609375,0.640625,0.109375,0.359375,0.859375,0.671875,0.078125,0.734375,0.765625,0.984375,0.109375,0.390625,0.140625,0.703125,0.671875,0.140625,0.234375,0.546875,0.171875,
0.140625,0.421875,0.078125,0.296875,0.421875,0.796875,0.859375,0.515625,0.421875,0.453125,0.921875,0.171875,0.078125,0.703125,0.890625,0.484375,0.953125,0.546875,0.734375,0.859375,
0.640625,0.921875,0.578125,0.796875,0.921875,0.296875,0.359375,0.015625,0.921875,0.953125,0.421875,0.671875,0.578125,0.203125,0.390625,0.984375,0.453125,0.046875,0.234375,0.359375,
0.890625,0.171875,0.828125,0.046875,0.671875,0.546875,0.109375,0.765625,0.171875,0.703125,0.671875,0.921875,0.328125,0.453125,0.640625,0.734375,0.203125,0.796875,0.484375,0.609375,
0.390625,0.671875,0.328125,0.546875,0.171875,0.046875,0.609375,0.265625,0.671875,0.203125,0.171875,0.421875,0.828125,0.953125,0.140625,0.234375,0.703125,0.296875,0.984375,0.109375,
0.265625,0.046875,0.703125,0.421875,0.546875,0.171875,0.984375,0.140625,0.296875,0.578125,0.546875,0.546875,0.203125,0.828125,0.265625,0.359375,0.328125,0.921875,0.859375,0.234375,
0.765625,0.546875,0.203125,0.921875,0.046875,0.671875,0.484375,0.640625,0.796875,0.078125,0.046875,0.046875,0.703125,0.328125,0.765625,0.859375,0.828125,0.421875,0.359375,0.734375,
0.515625,0.296875,0.453125,0.171875,0.296875,0.421875,0.234375,0.390625,0.046875,0.328125,0.796875,0.296875,0.453125,0.078125,0.015625,0.609375,0.578125,0.671875,0.109375,0.484375,
0.015625,0.796875,0.953125,0.671875,0.796875,0.921875,0.734375,0.890625,0.546875,0.828125,0.296875,0.796875,0.953125,0.578125,0.515625,0.109375,0.078125,0.171875,0.609375,0.984375,
0.0234375,0.398438,0.445312,0.804688,0.210938,0.867188,0.398438,0.695312,0.242188,0.367188,0.679688,0.570312,0.601562,0.335938,0.507812,0.335938,0.695312,0.882812,0.664062,0.898438,
0.523438,0.898438,0.945312,0.304688,0.710938,0.367188,0.898438,0.195312,0.742188,0.867188,0.179688,0.0703125,0.101562,0.835938,0.0078125,0.835938,0.195312,0.382812,0.164062,0.398438,
0.773438,0.148438,0.695312,0.554688,0.960938,0.617188,0.648438,0.945312,0.492188,0.617188,0.929688,0.320312,0.851562,0.585938,0.757812,0.585938,0.445312,0.632812,0.414062,0.648438,
0.273438,0.648438,0.195312,0.0546875,0.460938,0.117188,0.148438,0.445312,0.992188,0.117188,0.429688,0.820312,0.351562,0.0859375,0.257812,0.0859375,0.945312,0.132812,0.914062,0.148438,
0.398438,0.0234375,0.820312,0.929688,0.835938,0.242188,0.273438,0.0703125,0.117188,0.742188,0.804688,0.195312,0.726562,0.210938,0.132812,0.460938,0.0703125,0.507812,0.789062,0.0234375,
0.898438,0.523438,0.320312,0.429688,0.335938,0.742188,0.773438,0.570312,0.617188,0.242188,0.304688,0.695312,0.226562,0.710938,0.632812,0.960938,0.570312,0.0078125,0.289062,0.523438,
0.648438,0.273438,0.0703125,0.679688,0.0859375,0.492188,0.523438,0.320312,0.367188,0.492188,0.554688,0.945312,0.976562,0.960938,0.382812,0.710938,0.820312,0.757812,0.0390625,0.273438,
0.148438,0.773438,0.570312,0.179688,0.585938,0.992188,0.0234375,0.820312,0.867188,0.992188,0.0546875,0.445312,0.476562,0.460938,0.882812,0.210938,0.320312,0.257812,0.539062,0.773438,
0.210938,0.210938,0.132812,0.492188,0.648438,0.929688,0.460938,0.257812,0.0546875,0.304688,0.117188,0.257812,0.0390625,0.898438,0.695312,0.898438,0.507812,0.945312,0.726562,0.210938,
0.710938,0.710938,0.632812,0.992188,0.148438,0.429688,0.960938,0.757812,0.554688,0.804688,0.617188,0.757812,0.539062,0.398438,0.195312,0.398438,0.0078125,0.445312,0.226562,0.710938,
0.960938,0.460938,0.882812,0.242188,0.398438,0.679688,0.710938,0.0078125,0.304688,0.554688,0.367188,0.507812,0.289062,0.148438,0.945312,0.148438,0.257812,0.695312,0.476562,0.460938,
0.460938,0.960938,0.382812,0.742188,0.898438,0.179688,0.210938,0.507812,0.804688,0.0546875,0.867188,0.0078125,0.789062,0.648438,0.445312,0.648438,0.757812,0.195312,0.976562,0.960938,
0.335938,0.335938,0.507812,0.367188,0.273438,0.0546875,0.335938,0.882812,0.179688,0.679688,0.492188,0.882812,0.164062,0.523438,0.0703125,0.773438,0.132812,0.570312,0.851562,0.835938,
0.835938,0.835938,0.0078125,0.867188,0.773438,0.554688,0.835938,0.382812,0.679688,0.179688,0.992188,0.382812,0.664062,0.0234375,0.570312,0.273438,0.632812,0.0703125,0.351562,0.335938,
0.585938,0.0859375,0.257812,0.117188,0.523438,0.304688,0.585938,0.632812,0.429688,0.429688,0.242188,0.132812,0.414062,0.273438,0.320312,0.0234375,0.882812,0.820312,0.101562,0.585938,
0.0859375,0.585938,0.757812,0.617188,0.0234375,0.804688,0.0859375,0.132812,0.929688,0.929688,0.742188,0.632812,0.914062,0.773438,0.820312,0.523438,0.382812,0.320312,0.601562,0.0859375,
0.117188,0.117188,0.664062,0.648438,0.492188,0.523438,0.929688,0.414062,0.960938,0.210938,0.773438,0.289062,0.257812,0.492188,0.289062,0.867188,0.664062,0.414062,0.945312,0.617188,
0.617188,0.617188,0.164062,0.148438,0.992188,0.0234375,0.429688,0.914062,0.460938,0.710938,0.273438,0.789062,0.757812,0.992188,0.789062,0.367188,0.164062,0.914062,0.445312,0.117188,
0.867188,0.367188,0.414062,0.898438,0.742188,0.773438,0.179688,0.164062,0.710938,0.960938,0.523438,0.539062,0.0078125,0.742188,0.0390625,0.117188,0.414062,0.164062,0.195312,0.867188,
0.367188,0.867188,0.914062,0.398438,0.242188,0.273438,0.679688,0.664062,0.210938,0.460938,0.0234375,0.0390625,0.507812,0.242188,0.539062,0.617188,0.914062,0.664062,0.695312,0.367188,
0.492188,0.492188,0.0390625,0.523438,0.617188,0.398438,0.804688,0.789062,0.835938,0.835938,0.648438,0.914062,0.382812,0.117188,0.914062,0.992188,0.0390625,0.0390625,0.570312,0.492188,
0.992188,0.992188,0.539062,0.0234375,0.117188,0.898438,0.304688,0.289062,0.335938,0.335938,0.148438,0.414062,0.882812,0.617188,0.414062,0.492188,0.539062,0.539062,0.0703125,0.992188,
0.742188,0.242188,0.789062,0.773438,0.367188,0.148438,0.0546875,0.539062,0.585938,0.0859375,0.898438,0.164062,0.132812,0.867188,0.664062,0.242188,0.789062,0.289062,0.320312,0.242188,
0.242188,0.742188,0.289062,0.273438,0.867188,0.648438,0.554688,0.0390625,0.0859375,0.585938,0.398438,0.664062,0.632812,0.367188,0.164062,0.742188,0.289062,0.789062,0.820312,0.742188,
0.179688,0.304688,0.976562,0.0859375,0.929688,0.710938,0.992188,0.601562,0.773438,0.148438,0.460938,0.601562,0.820312,0.804688,0.476562,0.429688,0.601562,0.476562,0.882812,0.304688,
0.679688,0.804688,0.476562,0.585938,0.429688,0.210938,0.492188,0.101562,0.273438,0.648438,0.960938,0.101562,0.320312,0.304688,0.976562,0.929688,0.101562,0.976562,0.382812,0.804688,
0.929688,0.0546875,0.226562,0.335938,0.179688,0.960938,0.242188,0.851562,0.523438,0.898438,0.210938,0.351562,0.570312,0.0546875,0.226562,0.679688,0.351562,0.226562,0.132812,0.0546875,
0.429688,0.554688,0.726562,0.835938,0.679688,0.460938,0.742188,0.351562,0.0234375,0.398438,0.710938,0.851562,0.0703125,0.554688,0.726562,0.179688,0.851562,0.726562,0.632812,0.554688,
0.304688,0.179688,0.351562,0.210938,0.0546875,0.335938,0.867188,0.226562,0.898438,0.773438,0.0859375,0.226562,0.945312,0.679688,0.851562,0.304688,0.226562,0.101562,0.507812,0.679688,
0.804688,0.679688,0.851562,0.710938,0.554688,0.835938,0.367188,0.726562,0.398438,0.273438,0.585938,0.726562,0.445312,0.179688,0.351562,0.804688,0.726562,0.601562,0.0078125,0.179688,
0.554688,0.429688,0.601562,0.460938,0.804688,0.0859375,0.117188,0.476562,0.648438,0.0234375,0.335938,0.976562,0.695312,0.429688,0.601562,0.554688,0.976562,0.351562,0.257812,0.929688,
0.0546875,0.929688,0.101562,0.960938,0.304688,0.585938,0.617188,0.976562,0.148438,0.523438,0.835938,0.476562,0.195312,0.929688,0.101562,0.0546875,0.476562,0.851562,0.757812,0.429688,
0.0390625,0.132812,0.929688,0.351562,0.507812,0.476562,0.132812,0.117188,0.664062,0.320312,0.601562,0.710938,0.773438,0.476562,0.617188,0.0703125,0.429688,0.960938,0.367188,0.570312,
0.539062,0.632812,0.429688,0.851562,0.0078125,0.976562,0.632812,0.617188,0.164062,0.820312,0.101562,0.210938,0.273438,0.976562,0.117188,0.570312,0.929688,0.460938,0.867188,0.0703125,
0.789062,0.382812,0.179688,0.101562,0.257812,0.226562,0.882812,0.367188,0.914062,0.570312,0.851562,0.460938,0.523438,0.726562,0.867188,0.820312,0.679688,0.710938,0.617188,0.820312,
0.289062,0.882812,0.679688,0.601562,0.757812,0.726562,0.382812,0.867188,0.414062,0.0703125,0.351562,0.960938,0.0234375,0.226562,0.367188,0.320312,0.179688,0.210938,0.117188,0.320312,
0.414062,0.257812,0.304688,0.476562,0.382812,0.601562,0.0078125,0.742188,0.539062,0.695312,0.976562,0.0859375,0.898438,0.101562,0.242188,0.195312,0.804688,0.585938,0.242188,0.445312,
0.914062,0.757812,0.804688,0.976562,0.882812,0.101562,0.507812,0.242188,0.0390625,0.195312,0.476562,0.585938,0.398438,0.601562,0.742188,0.695312,0.304688,0.0859375,0.742188,0.945312,
0.664062,0.0078125,0.554688,0.226562,0.632812,0.851562,0.757812,0.992188,0.789062,0.445312,0.726562,0.835938,0.648438,0.851562,0.492188,0.945312,0.0546875,0.835938,0.992188,0.195312,
0.164062,0.507812,0.0546875,0.726562,0.132812,0.351562,0.257812,0.492188,0.289062,0.945312,0.226562,0.335938,0.148438,0.351562,0.992188,0.445312,0.554688,0.335938,0.492188,0.695312,
0.226562,0.445312,0.742188,0.914062,0.0703125,0.289062,0.195312,0.929688,0.601562,0.257812,0.164062,0.398438,0.335938,0.789062,0.679688,0.632812,0.367188,0.898438,0.304688,0.257812,
0.726562,0.945312,0.242188,0.414062,0.570312,0.789062,0.695312,0.429688,0.101562,0.757812,0.664062,0.898438,0.835938,0.289062,0.179688,0.132812,0.867188,0.398438,0.804688,0.757812,
0.976562,0.195312,0.492188,0.664062,0.820312,0.0390625,0.945312,0.679688,0.851562,0.507812,0.414062,0.648438,0.0859375,0.0390625,0.929688,0.382812,0.617188,0.648438,0.554688,0.0078125,
0.476562,0.695312,0.992188,0.164062,0.320312,0.539062,0.445312,0.179688,0.351562,0.0078125,0.914062,0.148438,0.585938,0.539062,0.429688,0.882812,0.117188,0.148438,0.0546875,0.507812,
0.351562,0.0703125,0.117188,0.789062,0.945312,0.664062,0.0703125,0.304688,0.726562,0.632812,0.289062,0.773438,0.460938,0.664062,0.0546875,0.507812,0.992188,0.523438,0.179688,0.632812,
0.851562,0.570312,0.617188,0.289062,0.445312,0.164062,0.570312,0.804688,0.226562,0.132812,0.789062,0.273438,0.960938,0.164062,0.554688,0.0078125,0.492188,0.0234375,0.679688,0.132812,
0.601562,0.320312,0.867188,0.539062,0.195312,0.914062,0.820312,0.0546875,0.976562,0.382812,0.0390625,0.0234375,0.210938,0.414062,0.304688,0.257812,0.242188,0.773438,0.929688,0.882812,
0.101562,0.820312,0.367188,0.0390625,0.695312,0.414062,0.320312,0.554688,0.476562,0.882812,0.539062,0.523438,0.710938,0.914062,0.804688,0.757812,0.742188,0.273438,0.429688,0.382812,
0.0703125,0.351562,0.210938,0.195312,0.789062,0.132812,0.664062,0.773438,0.382812,0.226562,0.945312,0.429688,0.117188,0.320312,0.335938,0.601562,0.460938,0.492188,0.0234375,0.914062,
0.570312,0.851562,0.710938,0.695312,0.289062,0.632812,0.164062,0.273438,0.882812,0.726562,0.445312,0.929688,0.617188,0.820312,0.835938,0.101562,0.960938,0.992188,0.523438,0.414062,
0.820312,0.101562,0.960938,0.445312,0.0390625,0.382812,0.414062,0.523438,0.132812,0.976562,0.695312,0.679688,0.367188,0.570312,0.0859375,0.351562,0.710938,0.242188,0.773438,0.664062,
0.320312,0.601562,0.460938,0.945312,0.539062,0.882812,0.914062,0.0234375,0.632812,0.476562,0.195312,0.179688,0.867188,0.0703125,0.585938,0.851562,0.210938,0.742188,0.273438,0.164062,
0.445312,0.226562,0.585938,0.0703125,0.164062,0.757812,0.539062,0.398438,0.257812,0.851562,0.570312,0.804688,0.242188,0.195312,0.960938,0.726562,0.835938,0.117188,0.398438,0.0390625,
0.945312,0.726562,0.0859375,0.570312,0.664062,0.257812,0.0390625,0.898438,0.757812,0.351562,0.0703125,0.304688,0.742188,0.695312,0.460938,0.226562,0.335938,0.617188,0.898438,0.539062,
0.695312,0.476562,0.335938,0.320312,0.914062,0.507812,0.289062,0.148438,0.0078125,0.101562,0.820312,0.0546875,0.492188,0.945312,0.710938,0.476562,0.0859375,0.367188,0.648438,0.289062,
0.195312,0.976562,0.835938,0.820312,0.414062,0.0078125,0.789062,0.648438,0.507812,0.601562,0.320312,0.554688,0.992188,0.445312,0.210938,0.976562,0.585938,0.867188,0.148438,0.789062,
0.132812,0.0390625,0.398438,0.507812,0.351562,0.0703125,0.726562,0.210938,0.320312,0.164062,0.257812,0.742188,0.554688,0.882812,0.398438,0.164062,0.273438,0.429688,0.0859375,0.226562,
0.632812,0.539062,0.898438,0.0078125,0.851562,0.570312,0.226562,0.710938,0.820312,0.664062,0.757812,0.242188,0.0546875,0.382812,0.898438,0.664062,0.773438,0.929688,0.585938,0.726562,
0.882812,0.289062,0.648438,0.757812,0.601562,0.320312,0.476562,0.460938,0.0703125,0.914062,0.0078125,0.492188,0.804688,0.132812,0.148438,0.914062,0.523438,0.179688,0.835938,0.476562,
0.382812,0.789062,0.148438,0.257812,0.101562,0.820312,0.976562,0.960938,0.570312,0.414062,0.507812,0.992188,0.304688,0.632812,0.648438,0.414062,0.0234375,0.679688,0.335938,0.976562,
0.257812,0.414062,0.773438,0.632812,0.726562,0.945312,0.601562,0.585938,0.445312,0.789062,0.132812,0.117188,0.679688,0.507812,0.773438,0.0390625,0.898438,0.0546875,0.460938,0.851562,
0.757812,0.914062,0.273438,0.132812,0.226562,0.445312,0.101562,0.0859375,0.945312,0.289062,0.632812,0.617188,0.179688,0.0078125,0.273438,0.539062,0.398438,0.554688,0.960938,0.351562,
0.507812,0.164062,0.0234375,0.882812,0.476562,0.695312,0.351562,0.835938,0.195312,0.0390625,0.382812,0.867188,0.929688,0.257812,0.523438,0.789062,0.148438,0.304688,0.710938,0.601562,
0.0078125,0.664062,0.523438,0.382812,0.976562,0.195312,0.851562,0.335938,0.695312,0.539062,0.882812,0.367188,0.429688,0.757812,0.0234375,0.289062,0.648438,0.804688,0.210938,0.101562,
0.0117188,0.332031,0.785156,0.941406,0.464844,0.417969,0.464844,0.488281,0.730469,0.574219,0.566406,0.246094,0.488281,0.636719,0.761719,0.183594,0.347656,0.824219,0.988281,0.355469,
0.511719,0.832031,0.285156,0.441406,0.964844,0.917969,0.964844,0.988281,0.230469,0.0742188,0.0664062,0.746094,0.988281,0.136719,0.261719,0.683594,0.847656,0.324219,0.488281,0.855469,
0.761719,0.0820312,0.0351562,0.691406,0.714844,0.167969,0.714844,0.238281,0.980469,0.324219,0.816406,0.996094,0.238281,0.386719,0.511719,0.933594,0.597656,0.574219,0.238281,0.105469,
0.261719,0.582031,0.535156,0.191406,0.214844,0.667969,0.214844,0.738281,0.480469,0.824219,0.316406,0.496094,0.738281,0.886719,0.0117188,0.433594,0.0976562,0.0742188,0.738281,0.605469,
0.386719,0.207031,0.410156,0.816406,0.589844,0.542969,0.339844,0.863281,0.605469,0.449219,0.941406,0.621094,0.363281,0.761719,0.386719,0.0585938,0.972656,0.699219,0.613281,0.730469,
0.886719,0.707031,0.910156,0.316406,0.0898438,0.0429688,0.839844,0.363281,0.105469,0.949219,0.441406,0.121094,0.863281,0.261719,0.886719,0.558594,0.472656,0.199219,0.113281,0.230469,
0.636719,0.457031,0.660156,0.566406,0.339844,0.792969,0.589844,0.613281,0.855469,0.699219,0.691406,0.371094,0.113281,0.0117188,0.136719,0.808594,0.222656,0.949219,0.363281,0.980469,
0.136719,0.957031,0.160156,0.0664062,0.839844,0.292969,0.0898438,0.113281,0.355469,0.199219,0.191406,0.871094,0.613281,0.511719,0.636719,0.308594,0.722656,0.449219,0.863281,0.480469,
0.199219,0.0195312,0.597656,0.253906,0.902344,0.355469,0.402344,0.550781,0.542969,0.511719,0.128906,0.933594,0.925781,0.0742188,0.949219,0.621094,0.410156,0.761719,0.925781,0.542969,
0.699219,0.519531,0.0976562,0.753906,0.402344,0.855469,0.902344,0.0507812,0.0429688,0.0117188,0.628906,0.433594,0.425781,0.574219,0.449219,0.121094,0.910156,0.261719,0.425781,0.0429688,
0.949219,0.269531,0.347656,0.00390625,0.152344,0.105469,0.652344,0.800781,0.792969,0.261719,0.378906,0.183594,0.675781,0.824219,0.699219,0.371094,0.660156,0.511719,0.175781,0.792969,
0.449219,0.769531,0.847656,0.503906,0.652344,0.605469,0.152344,0.300781,0.292969,0.761719,0.878906,0.683594,0.175781,0.324219,0.199219,0.871094,0.160156,0.0117188,0.675781,0.292969,
0.324219,0.394531,0.222656,0.378906,0.0273438,0.730469,0.277344,0.175781,0.667969,0.386719,0.253906,0.308594,0.800781,0.449219,0.324219,0.746094,0.785156,0.636719,0.550781,0.417969,
0.824219,0.894531,0.722656,0.878906,0.527344,0.230469,0.777344,0.675781,0.167969,0.886719,0.753906,0.808594,0.300781,0.949219,0.824219,0.246094,0.285156,0.136719,0.0507812,0.917969,
0.574219,0.144531,0.972656,0.128906,0.777344,0.980469,0.527344,0.425781,0.917969,0.636719,0.00390625,0.558594,0.550781,0.699219,0.0742188,0.496094,0.0351562,0.886719,0.300781,0.167969,
0.0742188,0.644531,0.472656,0.628906,0.277344,0.480469,0.0273438,0.925781,0.417969,0.136719,0.503906,0.0585938,0.0507812,0.199219,0.574219,0.996094,0.535156,0.386719,0.800781,0.667969,
0.105469,0.175781,0.0664062,0.597656,0.246094,0.199219,0.996094,0.644531,0.449219,0.980469,0.972656,0.902344,0.644531,0.542969,0.0429688,0.652344,0.253906,0.355469,0.644531,0.136719,
0.605469,0.675781,0.566406,0.0976562,0.746094,0.699219,0.496094,0.144531,0.949219,0.480469,0.472656,0.402344,0.144531,0.0429688,0.542969,0.152344,0.753906,0.855469,0.144531,0.636719,
0.855469,0.425781,0.816406,0.847656,0.996094,0.449219,0.246094,0.894531,0.199219,0.230469,0.722656,0.152344,0.894531,0.292969,0.292969,0.402344,0.503906,0.105469,0.394531,0.386719,
0.355469,0.925781,0.316406,0.347656,0.496094,0.949219,0.746094,0.394531,0.699219,0.730469,0.222656,0.652344,0.394531,0.792969,0.792969,0.902344,0.00390625,0.605469,0.894531,0.886719,
0.480469,0.300781,0.691406,0.722656,0.871094,0.824219,0.871094,0.0195312,0.324219,0.105469,0.597656,0.277344,0.519531,0.917969,0.667969,0.527344,0.878906,0.230469,0.769531,0.761719,
0.980469,0.800781,0.191406,0.222656,0.371094,0.324219,0.371094,0.519531,0.824219,0.605469,0.0976562,0.777344,0.0195312,0.417969,0.167969,0.0273438,0.378906,0.730469,0.269531,0.261719,
0.730469,0.0507812,0.441406,0.972656,0.121094,0.574219,0.121094,0.269531,0.0742188,0.855469,0.847656,0.527344,0.769531,0.167969,0.917969,0.277344,0.128906,0.480469,0.0195312,0.511719,
0.230469,0.550781,0.941406,0.472656,0.621094,0.0742188,0.621094,0.769531,0.574219,0.355469,0.347656,0.0273438,0.269531,0.667969,0.417969,0.777344,0.628906,0.980469,0.519531,0.0117188,
0.167969,0.488281,0.253906,0.160156,0.683594,0.0117188,0.933594,0.332031,0.261719,0.917969,0.285156,0.214844,0.207031,0.230469,0.230469,0.0898438,0.441406,0.292969,0.707031,0.949219,
0.667969,0.988281,0.753906,0.660156,0.183594,0.511719,0.433594,0.832031,0.761719,0.417969,0.785156,0.714844,0.707031,0.730469,0.730469,0.589844,0.941406,0.792969,0.207031,0.449219,
0.917969,0.238281,0.503906,0.410156,0.433594,0.261719,0.183594,0.0820312,0.0117188,0.167969,0.0351562,0.964844,0.457031,0.980469,0.480469,0.839844,0.691406,0.0429688,0.457031,0.699219,
0.417969,0.738281,0.00390625,0.910156,0.933594,0.761719,0.683594,0.582031,0.511719,0.667969,0.535156,0.464844,0.957031,0.480469,0.980469,0.339844,0.191406,0.542969,0.957031,0.199219,
0.292969,0.113281,0.878906,0.0351562,0.308594,0.886719,0.808594,0.957031,0.386719,0.0429688,0.160156,0.589844,0.0820312,0.355469,0.605469,0.214844,0.816406,0.167969,0.832031,0.0742188,
0.792969,0.613281,0.378906,0.535156,0.808594,0.386719,0.308594,0.457031,0.886719,0.542969,0.660156,0.0898438,0.582031,0.855469,0.105469,0.714844,0.316406,0.667969,0.332031,0.574219,
0.542969,0.363281,0.128906,0.285156,0.558594,0.636719,0.0585938,0.707031,0.136719,0.792969,0.410156,0.339844,0.332031,0.605469,0.855469,0.964844,0.0664062,0.417969,0.0820312,0.324219,
0.0429688,0.863281,0.628906,0.785156,0.0585938,0.136719,0.558594,0.207031,0.636719,0.292969,0.910156,0.839844,0.832031,0.105469,0.355469,0.464844,0.566406,0.917969,0.582031,0.824219,
0.0585938,0.0664062,0.332031,0.394531,0.761719,0.808594,0.199219,0.816406,0.183594,0.621094,0.644531,0.105469,0.128906,0.558594,0.871094,0.417969,0.519531,0.777344,0.0351562,0.183594,
0.558594,0.566406,0.832031,0.894531,0.261719,0.308594,0.699219,0.316406,0.683594,0.121094,0.144531,0.605469,0.628906,0.0585938,0.371094,0.917969,0.0195312,0.277344,0.535156,0.683594,
0.808594,0.316406,0.582031,0.144531,0.0117188,0.558594,0.949219,0.566406,0.433594,0.371094,0.894531,0.855469,0.378906,0.308594,0.621094,0.667969,0.269531,0.527344,0.785156,0.433594,
0.308594,0.816406,0.0820312,0.644531,0.511719,0.0585938,0.449219,0.0664062,0.933594,0.871094,0.394531,0.355469,0.878906,0.808594,0.121094,0.167969,0.769531,0.0273438,0.285156,0.933594,
0.433594,0.441406,0.957031,0.269531,0.136719,0.183594,0.0742188,0.441406,0.0585938,0.496094,0.769531,0.730469,0.00390625,0.933594,0.496094,0.292969,0.144531,0.652344,0.410156,0.808594,
0.933594,0.941406,0.457031,0.769531,0.636719,0.683594,0.574219,0.941406,0.558594,0.996094,0.269531,0.230469,0.503906,0.433594,0.996094,0.792969,0.644531,0.152344,0.910156,0.308594,
0.683594,0.191406,0.207031,0.0195312,0.886719,0.433594,0.824219,0.191406,0.308594,0.746094,0.519531,0.480469,0.253906,0.183594,0.246094,0.542969,0.894531,0.902344,0.660156,0.558594,
0.183594,0.691406,0.707031,0.519531,0.386719,0.933594,0.324219,0.691406,0.808594,0.246094,0.0195312,0.980469,0.753906,0.683594,0.746094,0.0429688,0.394531,0.402344,0.160156,0.0585938,
0.246094,0.253906,0.0195312,0.832031,0.324219,0.996094,0.136719,0.128906,0.121094,0.558594,0.0820312,0.792969,0.691406,0.246094,0.933594,0.855469,0.707031,0.839844,0.0976562,0.996094,
0.746094,0.753906,0.519531,0.332031,0.824219,0.496094,0.636719,0.628906,0.621094,0.0585938,0.582031,0.292969,0.191406,0.746094,0.433594,0.355469,0.207031,0.339844,0.597656,0.496094,
0.996094,0.00390625,0.769531,0.582031,0.574219,0.746094,0.886719,0.378906,0.371094,0.308594,0.332031,0.0429688,0.941406,0.996094,0.683594,0.105469,0.457031,0.589844,0.847656,0.746094,
0.496094,0.503906,0.269531,0.0820312,0.0742188,0.246094,0.386719,0.878906,0.871094,0.808594,0.832031,0.542969,0.441406,0.496094,0.183594,0.605469,0.957031,0.0898438,0.347656,0.246094,
0.371094,0.128906,0.644531,0.957031,0.699219,0.121094,0.0117188,0.503906,0.246094,0.433594,0.457031,0.417969,0.566406,0.371094,0.308594,0.980469,0.0820312,0.714844,0.472656,0.121094,
0.871094,0.628906,0.144531,0.457031,0.199219,0.621094,0.511719,0.00390625,0.746094,0.933594,0.957031,0.917969,0.0664062,0.871094,0.808594,0.480469,0.582031,0.214844,0.972656,0.621094,
0.621094,0.378906,0.394531,0.707031,0.449219,0.371094,0.761719,0.753906,0.496094,0.683594,0.207031,0.667969,0.816406,0.621094,0.0585938,0.230469,0.832031,0.964844,0.722656,0.371094,
0.121094,0.878906,0.894531,0.207031,0.949219,0.871094,0.261719,0.253906,0.996094,0.183594,0.707031,0.167969,0.316406,0.121094,0.558594,0.730469,0.332031,0.464844,0.222656,0.871094,
0.0898438,0.410156,0.550781,0.0507812,0.542969,0.589844,0.730469,0.0351562,0.902344,0.964844,0.800781,0.761719,0.972656,0.652344,0.0898438,0.886719,0.613281,0.308594,0.316406,0.339844,
0.589844,0.910156,0.0507812,0.550781,0.0429688,0.0898438,0.230469,0.535156,0.402344,0.464844,0.300781,0.261719,0.472656,0.152344,0.589844,0.386719,0.113281,0.808594,0.816406,0.839844,
0.839844,0.160156,0.300781,0.300781,0.292969,0.839844,0.480469,0.285156,0.652344,0.214844,0.550781,0.0117188,0.722656,0.402344,0.339844,0.136719,0.363281,0.0585938,0.566406,0.0898438,
0.339844,0.660156,0.800781,0.800781,0.792969,0.339844,0.980469,0.785156,0.152344,0.714844,0.0507812,0.511719,0.222656,0.902344,0.839844,0.636719,0.863281,0.558594,0.0664062,0.589844,
0.464844,0.0351562,0.175781,0.175781,0.417969,0.464844,0.605469,0.660156,0.777344,0.0898438,0.675781,0.386719,0.847656,0.777344,0.714844,0.761719,0.238281,0.183594,0.191406,0.714844,
0.964844,0.535156,0.675781,0.675781,0.917969,0.964844,0.105469,0.160156,0.277344,0.589844,0.175781,0.886719,0.347656,0.277344,0.214844,0.261719,0.738281,0.683594,0.691406,0.214844,
0.714844,0.285156,0.925781,0.425781,0.667969,0.214844,0.355469,0.910156,0.527344,0.839844,0.925781,0.636719,0.597656,0.0273438,0.964844,0.0117188,0.988281,0.433594,0.941406,0.964844,
0.214844,0.785156,0.425781,0.925781,0.167969,0.714844,0.855469,0.410156,0.0273438,0.339844,0.425781,0.136719,0.0976562,0.527344,0.464844,0.511719,0.488281,0.933594,0.441406,0.464844,
0.152344,0.222656,0.863281,0.738281,0.105469,0.652344,0.667969,0.972656,0.839844,0.902344,0.488281,0.0742188,0.410156,0.0898438,0.152344,0.324219,0.675781,0.371094,0.253906,0.527344,
0.652344,0.722656,0.363281,0.238281,0.605469,0.152344,0.167969,0.472656,0.339844,0.402344,0.988281,0.574219,0.910156,0.589844,0.652344,0.824219,0.175781,0.871094,0.753906,0.0273438,
0.902344,0.472656,0.113281,0.988281,0.855469,0.902344,0.417969,0.722656,0.589844,0.152344,0.238281,0.824219,0.160156,0.839844,0.402344,0.574219,0.425781,0.121094,0.503906,0.777344,
0.402344,0.972656,0.613281,0.488281,0.355469,0.402344,0.917969,0.222656,0.0898438,0.652344,0.738281,0.324219,0.660156,0.339844,0.902344,0.0742188,0.925781,0.621094,0.00390625,0.277344,
0.277344,0.347656,0.488281,0.613281,0.980469,0.277344,0.542969,0.347656,0.964844,0.0273438,0.113281,0.699219,0.285156,0.464844,0.527344,0.449219,0.0507812,0.246094,0.128906,0.402344,
0.777344,0.847656,0.988281,0.113281,0.480469,0.777344,0.0429688,0.847656,0.464844,0.527344,0.613281,0.199219,0.785156,0.964844,0.0273438,0.949219,0.550781,0.746094,0.628906,0.902344,
0.527344,0.0976562,0.738281,0.863281,0.230469,0.0273438,0.292969,0.0976562,0.714844,0.777344,0.363281,0.449219,0.0351562,0.714844,0.777344,0.699219,0.800781,0.496094,0.878906,0.152344,
0.0273438,0.597656,0.238281,0.363281,0.730469,0.527344,0.792969,0.597656,0.214844,0.277344,0.863281,0.949219,0.535156,0.214844,0.277344,0.199219,0.300781,0.996094,0.378906,0.652344,
0.0195312,0.199219,0.730469,0.246094,0.253906,0.707031,0.0664062,0.808594,0.519531,0.800781,0.246094,0.675781,0.902344,0.957031,0.253906,0.472656,0.917969,0.191406,0.339844,0.738281,
0.519531,0.699219,0.230469,0.746094,0.753906,0.207031,0.566406,0.308594,0.0195312,0.300781,0.746094,0.175781,0.402344,0.457031,0.753906,0.972656,0.417969,0.691406,0.839844,0.238281,
0.769531,0.449219,0.480469,0.496094,0.503906,0.957031,0.816406,0.558594,0.769531,0.0507812,0.496094,0.425781,0.652344,0.207031,0.00390625,0.722656,0.167969,0.441406,0.589844,0.988281,
0.269531,0.949219,0.980469,0.996094,0.00390625,0.457031,0.316406,0.0585938,0.269531,0.550781,0.996094,0.925781,0.152344,0.707031,0.503906,0.222656,0.667969,0.941406,0.0898438,0.488281,
0.394531,0.324219,0.105469,0.121094,0.628906,0.332031,0.191406,0.433594,0.644531,0.175781,0.371094,0.0507812,0.777344,0.582031,0.878906,0.347656,0.292969,0.316406,0.214844,0.363281,
0.894531,0.824219,0.605469,0.621094,0.128906,0.832031,0.691406,0.933594,0.144531,0.675781,0.871094,0.550781,0.277344,0.0820312,0.378906,0.847656,0.792969,0.816406,0.714844,0.863281,
0.644531,0.0742188,0.855469,0.371094,0.378906,0.0820312,0.941406,0.183594,0.894531,0.925781,0.121094,0.800781,0.527344,0.332031,0.628906,0.597656,0.542969,0.0664062,0.964844,0.113281,
0.144531,0.574219,0.355469,0.871094,0.878906,0.582031,0.441406,0.683594,0.394531,0.425781,0.621094,0.300781,0.0273438,0.832031,0.128906,0.0976562,0.0429688,0.566406,0.464844,0.613281,
0.207031,0.386719,0.917969,0.558594,0.816406,0.519531,0.00390625,0.246094,0.707031,0.863281,0.558594,0.488281,0.464844,0.269531,0.441406,0.785156,0.855469,0.128906,0.277344,0.425781,
0.707031,0.886719,0.417969,0.0585938,0.316406,0.0195312,0.503906,0.746094,0.207031,0.363281,0.0585938,0.988281,0.964844,0.769531,0.941406,0.285156,0.355469,0.628906,0.777344,0.925781,
0.957031,0.136719,0.167969,0.808594,0.0664062,0.769531,0.753906,0.496094,0.957031,0.113281,0.808594,0.738281,0.214844,0.519531,0.191406,0.0351562,0.105469,0.378906,0.527344,0.175781,
0.457031,0.636719,0.667969,0.308594,0.566406,0.269531,0.253906,0.996094,0.457031,0.613281,0.308594,0.238281,0.714844,0.0195312,0.691406,0.535156,0.605469,0.878906,0.0273438,0.675781,
0.332031,0.0117188,0.292969,0.683594,0.191406,0.394531,0.128906,0.621094,0.582031,0.238281,0.933594,0.863281,0.339844,0.144531,0.816406,0.910156,0.480469,0.253906,0.152344,0.550781,
0.832031,0.511719,0.792969,0.183594,0.691406,0.894531,0.628906,0.121094,0.0820312,0.738281,0.433594,0.363281,0.839844,0.644531,0.316406,0.410156,0.980469,0.753906,0.652344,0.0507812,
0.582031,0.261719,0.542969,0.933594,0.941406,0.144531,0.878906,0.871094,0.832031,0.988281,0.683594,0.113281,0.0898438,0.894531,0.566406,0.160156,0.730469,0.00390625,0.902344,0.800781,
0.0820312,0.761719,0.0429688,0.433594,0.441406,0.644531,0.378906,0.371094,0.332031,0.488281,0.183594,0.613281,0.589844,0.394531,0.0664062,0.660156,0.230469,0.503906,0.402344,0.300781,
0.113281,0.292969,0.386719,0.339844,0.0351562,0.925781,0.597656,0.0898438,0.300781,0.644531,0.339844,0.457031,0.246094,0.863281,0.535156,0.941406,0.949219,0.722656,0.0585938,0.769531,
0.613281,0.792969,0.886719,0.839844,0.535156,0.425781,0.0976562,0.589844,0.800781,0.144531,0.839844,0.957031,0.746094,0.363281,0.0351562,0.441406,0.449219,0.222656,0.558594,0.269531,
0.863281,0.0429688,0.636719,0.0898438,0.785156,0.675781,0.347656,0.339844,0.0507812,0.394531,0.0898438,0.707031,0.496094,0.113281,0.785156,0.191406,0.199219,0.972656,0.808594,0.519531,
0.363281,0.542969,0.136719,0.589844,0.285156,0.175781,0.847656,0.839844,0.550781,0.894531,0.589844,0.207031,0.996094,0.613281,0.285156,0.691406,0.699219,0.472656,0.308594,0.0195312,
0.488281,0.167969,0.761719,0.464844,0.910156,0.0507812,0.722656,0.714844,0.425781,0.269531,0.214844,0.832031,0.121094,0.738281,0.160156,0.816406,0.324219,0.847656,0.433594,0.144531,
0.988281,0.667969,0.261719,0.964844,0.410156,0.550781,0.222656,0.214844,0.925781,0.769531,0.714844,0.332031,0.621094,0.238281,0.660156,0.316406,0.824219,0.347656,0.933594,0.644531,
0.738281,0.417969,0.0117188,0.214844,0.160156,0.300781,0.472656,0.964844,0.175781,0.519531,0.464844,0.0820312,0.371094,0.488281,0.410156,0.0664062,0.574219,0.597656,0.683594,0.394531,
0.238281,0.917969,0.511719,0.714844,0.660156,0.800781,0.972656,0.464844,0.675781,0.0195312,0.964844,0.582031,0.871094,0.988281,0.910156,0.566406,0.0742188,0.0976562,0.183594,0.894531,
0.175781,0.105469,0.199219,0.902344,0.597656,0.863281,0.535156,0.902344,0.488281,0.707031,0.902344,0.644531,0.683594,0.425781,0.722656,0.253906,0.761719,0.660156,0.121094,0.0820312,
0.675781,0.605469,0.699219,0.402344,0.0976562,0.363281,0.0351562,0.402344,0.988281,0.207031,0.402344,0.144531,0.183594,0.925781,0.222656,0.753906,0.261719,0.160156,0.621094,0.582031,
0.925781,0.355469,0.949219,0.652344,0.347656,0.613281,0.285156,0.652344,0.238281,0.457031,0.652344,0.394531,0.933594,0.675781,0.972656,0.503906,0.0117188,0.910156,0.871094,0.332031,
0.425781,0.855469,0.449219,0.152344,0.847656,0.113281,0.785156,0.152344,0.738281,0.957031,0.152344,0.894531,0.433594,0.175781,0.472656,0.00390625,0.511719,0.410156,0.371094,0.832031,
0.300781,0.480469,0.574219,0.777344,0.472656,0.238281,0.660156,0.277344,0.363281,0.332031,0.527344,0.0195312,0.558594,0.0507812,0.0976562,0.378906,0.386719,0.785156,0.496094,0.957031,
0.800781,0.980469,0.0742188,0.277344,0.972656,0.738281,0.160156,0.777344,0.863281,0.832031,0.0273438,0.519531,0.0585938,0.550781,0.597656,0.878906,0.886719,0.285156,0.996094,0.457031,
0.550781,0.230469,0.324219,0.527344,0.722656,0.488281,0.410156,0.0273438,0.113281,0.582031,0.777344,0.769531,0.808594,0.800781,0.347656,0.628906,0.636719,0.535156,0.746094,0.707031,
0.0507812,0.730469,0.824219,0.0273438,0.222656,0.988281,0.910156,0.527344,0.613281,0.0820312,0.277344,0.269531,0.308594,0.300781,0.847656,0.128906,0.136719,0.0351562,0.246094,0.207031,
0.0351562,0.464844,0.152344,0.667969,0.957031,0.0664062,0.332031,0.386719,0.0664062,0.753906,0.0429688,0.535156,0.730469,0.847656,0.363281,0.238281,0.214844,0.144531,0.636719,0.785156,
0.535156,0.964844,0.652344,0.167969,0.457031,0.566406,0.832031,0.886719,0.566406,0.253906,0.542969,0.0351562,0.230469,0.347656,0.863281,0.738281,0.714844,0.644531,0.136719,0.285156,
0.785156,0.214844,0.902344,0.917969,0.207031,0.316406,0.582031,0.136719,0.316406,0.00390625,0.292969,0.285156,0.980469,0.0976562,0.113281,0.988281,0.964844,0.394531,0.386719,0.535156,
0.285156,0.714844,0.402344,0.417969,0.707031,0.816406,0.0820312,0.636719,0.816406,0.503906,0.792969,0.785156,0.480469,0.597656,0.613281,0.488281,0.464844,0.894531,0.886719,0.0351562,
0.410156,0.0898438,0.527344,0.542969,0.0820312,0.941406,0.457031,0.761719,0.191406,0.128906,0.417969,0.160156,0.605469,0.722656,0.988281,0.113281,0.589844,0.269531,0.761719,0.160156,
0.910156,0.589844,0.0273438,0.0429688,0.582031,0.441406,0.957031,0.261719,0.691406,0.628906,0.917969,0.660156,0.105469,0.222656,0.488281,0.613281,0.0898438,0.769531,0.261719,0.660156,
0.660156,0.339844,0.277344,0.792969,0.832031,0.691406,0.707031,0.511719,0.441406,0.878906,0.167969,0.910156,0.855469,0.472656,0.738281,0.863281,0.339844,0.0195312,0.0117188,0.410156,
0.160156,0.839844,0.777344,0.292969,0.332031,0.191406,0.207031,0.0117188,0.941406,0.378906,0.667969,0.410156,0.355469,0.972656,0.238281,0.363281,0.839844,0.519531,0.511719,0.910156,
0.222656,0.152344,0.464844,0.105469,0.394531,0.128906,0.269531,0.574219,0.128906,0.816406,0.730469,0.347656,0.167969,0.410156,0.425781,0.550781,0.0273438,0.207031,0.699219,0.0976562,
0.722656,0.652344,0.964844,0.605469,0.894531,0.628906,0.769531,0.0742188,0.628906,0.316406,0.230469,0.847656,0.667969,0.910156,0.925781,0.0507812,0.527344,0.707031,0.199219,0.597656,
0.972656,0.402344,0.714844,0.355469,0.644531,0.378906,0.519531,0.824219,0.378906,0.0664062,0.980469,0.597656,0.417969,0.660156,0.175781,0.300781,0.777344,0.457031,0.449219,0.347656,
0.472656,0.902344,0.214844,0.855469,0.144531,0.878906,0.0195312,0.324219,0.878906,0.566406,0.480469,0.0976562,0.917969,0.160156,0.675781,0.800781,0.277344,0.957031,0.949219,0.847656,
0.347656,0.277344,0.839844,0.230469,0.519531,0.753906,0.394531,0.199219,0.00390625,0.191406,0.855469,0.972656,0.0429688,0.0351562,0.800781,0.675781,0.652344,0.332031,0.824219,0.972656,
0.847656,0.777344,0.339844,0.730469,0.0195312,0.253906,0.894531,0.699219,0.503906,0.691406,0.355469,0.472656,0.542969,0.535156,0.300781,0.175781,0.152344,0.832031,0.324219,0.472656,
0.597656,0.0273438,0.0898438,0.480469,0.269531,0.503906,0.644531,0.449219,0.253906,0.941406,0.605469,0.222656,0.292969,0.785156,0.550781,0.425781,0.402344,0.0820312,0.0742188,0.722656,
0.0976562,0.527344,0.589844,0.980469,0.769531,0.00390625,0.144531,0.949219,0.753906,0.441406,0.105469,0.722656,0.792969,0.285156,0.0507812,0.925781,0.902344,0.582031,0.574219,0.222656,
0.0664062,0.0585938,0.996094,0.761719,0.738281,0.285156,0.863281,0.730469,0.847656,0.660156,0.386719,0.316406,0.386719,0.941406,0.582031,0.707031,0.183594,0.675781,0.980469,0.691406,
0.566406,0.558594,0.496094,0.261719,0.238281,0.785156,0.363281,0.230469,0.347656,0.160156,0.886719,0.816406,0.886719,0.441406,0.0820312,0.207031,0.683594,0.175781,0.480469,0.191406,
0.816406,0.308594,0.246094,0.511719,0.488281,0.0351562,0.113281,0.980469,0.597656,0.410156,0.136719,0.566406,0.136719,0.191406,0.832031,0.457031,0.933594,0.925781,0.230469,0.941406,
0.316406,0.808594,0.746094,0.0117188,0.988281,0.535156,0.613281,0.480469,0.0976562,0.910156,0.636719,0.0664062,0.636719,0.691406,0.332031,0.957031,0.433594,0.425781,0.730469,0.441406,
0.441406,0.433594,0.371094,0.886719,0.363281,0.660156,0.988281,0.105469,0.972656,0.285156,0.0117188,0.941406,0.261719,0.566406,0.207031,0.582031,0.558594,0.800781,0.605469,0.316406,
0.941406,0.933594,0.871094,0.386719,0.863281,0.160156,0.488281,0.605469,0.472656,0.785156,0.511719,0.441406,0.761719,0.0664062,0.707031,0.0820312,0.0585938,0.300781,0.105469,0.816406,
0.691406,0.183594,0.621094,0.636719,0.613281,0.910156,0.238281,0.355469,0.722656,0.535156,0.261719,0.191406,0.0117188,0.316406,0.457031,0.332031,0.308594,0.550781,0.355469,0.0664062,
0.191406,0.683594,0.121094,0.136719,0.113281,0.410156,0.738281,0.855469,0.222656,0.0351562,0.761719,0.691406,0.511719,0.816406,0.957031,0.832031,0.808594,0.0507812,0.855469,0.566406,
0.128906,0.371094,0.683594,0.449219,0.175781,0.472656,0.800781,0.292969,0.910156,0.722656,0.824219,0.503906,0.949219,0.253906,0.644531,0.0195312,0.121094,0.738281,0.917969,0.378906,
0.628906,0.871094,0.183594,0.949219,0.675781,0.972656,0.300781,0.792969,0.410156,0.222656,0.324219,0.00390625,0.449219,0.753906,0.144531,0.519531,0.621094,0.238281,0.417969,0.878906,
0.878906,0.121094,0.433594,0.199219,0.925781,0.222656,0.0507812,0.0429688,0.660156,0.472656,0.574219,0.253906,0.699219,0.503906,0.894531,0.769531,0.871094,0.988281,0.167969,0.128906,
0.378906,0.621094,0.933594,0.699219,0.425781,0.722656,0.550781,0.542969,0.160156,0.972656,0.0742188,0.753906,0.199219,0.00390625,0.394531,0.269531,0.371094,0.488281,0.667969,0.628906,
0.253906,0.246094,0.0585938,0.324219,0.800781,0.597656,0.925781,0.917969,0.785156,0.347656,0.699219,0.128906,0.824219,0.128906,0.0195312,0.144531,0.746094,0.863281,0.542969,0.503906,
0.753906,0.746094,0.558594,0.824219,0.300781,0.0976562,0.425781,0.417969,0.285156,0.847656,0.199219,0.628906,0.324219,0.628906,0.519531,0.644531,0.246094,0.363281,0.0429688,0.00390625,
0.503906,0.496094,0.808594,0.0742188,0.0507812,0.847656,0.175781,0.667969,0.535156,0.597656,0.949219,0.878906,0.574219,0.878906,0.269531,0.894531,0.496094,0.613281,0.292969,0.753906,
0.00390625,0.996094,0.308594,0.574219,0.550781,0.347656,0.675781,0.167969,0.0351562,0.0976562,0.449219,0.378906,0.0742188,0.378906,0.769531,0.394531,0.996094,0.113281,0.792969,0.253906,
0.00585938,0.498047,0.654297,0.283203,0.833984,0.974609,0.966797,0.357422,0.486328,0.166016,0.744141,0.0839844,0.0566406,0.818359,0.380859,0.509766,0.248047,0.166016,0.150391,0.626953,
0.505859,0.998047,0.154297,0.783203,0.333984,0.474609,0.466797,0.857422,0.986328,0.666016,0.244141,0.583984,0.556641,0.318359,0.880859,0.00976562,0.748047,0.666016,0.650391,0.126953,
0.755859,0.248047,0.404297,0.0332031,0.0839844,0.724609,0.216797,0.107422,0.236328,0.916016,0.994141,0.833984,0.306641,0.0683594,0.130859,0.259766,0.998047,0.416016,0.900391,0.876953,
0.255859,0.748047,0.904297,0.533203,0.583984,0.224609,0.716797,0.607422,0.736328,0.416016,0.494141,0.333984,0.806641,0.568359,0.630859,0.759766,0.498047,0.916016,0.400391,0.376953,
0.380859,0.123047,0.0292969,0.408203,0.208984,0.0996094,0.841797,0.982422,0.361328,0.791016,0.869141,0.708984,0.181641,0.693359,0.755859,0.634766,0.623047,0.291016,0.275391,0.251953,
0.880859,0.623047,0.529297,0.908203,0.708984,0.599609,0.341797,0.482422,0.861328,0.291016,0.369141,0.208984,0.681641,0.193359,0.255859,0.134766,0.123047,0.791016,0.775391,0.751953,
0.630859,0.373047,0.779297,0.158203,0.958984,0.349609,0.0917969,0.732422,0.111328,0.0410156,0.619141,0.458984,0.431641,0.443359,0.505859,0.384766,0.373047,0.0410156,0.525391,0.00195312,
0.130859,0.873047,0.279297,0.658203,0.458984,0.849609,0.591797,0.232422,0.611328,0.541016,0.119141,0.958984,0.931641,0.943359,0.00585938,0.884766,0.873047,0.541016,0.0253906,0.501953,
0.193359,0.185547,0.966797,0.970703,0.271484,0.787109,0.904297,0.669922,0.298828,0.228516,0.0566406,0.771484,0.619141,0.380859,0.318359,0.197266,0.0605469,0.228516,0.212891,0.439453,
0.693359,0.685547,0.466797,0.470703,0.771484,0.287109,0.404297,0.169922,0.798828,0.728516,0.556641,0.271484,0.119141,0.880859,0.818359,0.697266,0.560547,0.728516,0.712891,0.939453,
0.943359,0.435547,0.216797,0.720703,0.521484,0.537109,0.154297,0.919922,0.0488281,0.978516,0.306641,0.0214844,0.869141,0.630859,0.0683594,0.947266,0.810547,0.478516,0.962891,0.189453,
0.443359,0.935547,0.716797,0.220703,0.0214844,0.0371094,0.654297,0.419922,0.548828,0.478516,0.806641,0.521484,0.369141,0.130859,0.568359,0.447266,0.310547,0.978516,0.462891,0.689453,
0.318359,0.310547,0.341797,0.845703,0.646484,0.162109,0.779297,0.0449219,0.423828,0.853516,0.431641,0.396484,0.744141,0.00585938,0.943359,0.0722656,0.685547,0.353516,0.337891,0.564453,
0.818359,0.810547,0.841797,0.345703,0.146484,0.662109,0.279297,0.544922,0.923828,0.353516,0.931641,0.896484,0.244141,0.505859,0.443359,0.572266,0.185547,0.853516,0.837891,0.0644531,
0.568359,0.0605469,0.591797,0.595703,0.396484,0.412109,0.0292969,0.294922,0.173828,0.103516,0.181641,0.646484,0.994141,0.755859,0.693359,0.822266,0.435547,0.103516,0.587891,0.814453,
0.0683594,0.560547,0.0917969,0.0957031,0.896484,0.912109,0.529297,0.794922,0.673828,0.603516,0.681641,0.146484,0.494141,0.255859,0.193359,0.322266,0.935547,0.603516,0.0878906,0.314453,
0.0996094,0.0292969,0.498047,0.126953,0.615234,0.630859,0.498047,0.513672,0.705078,0.259766,0.837891,0.802734,0.837891,0.974609,0.662109,0.0410156,0.154297,0.634766,0.494141,0.845703,
0.599609,0.529297,0.998047,0.626953,0.115234,0.130859,0.998047,0.0136719,0.205078,0.759766,0.337891,0.302734,0.337891,0.474609,0.162109,0.541016,0.654297,0.134766,0.994141,0.345703,
0.849609,0.279297,0.748047,0.376953,0.365234,0.880859,0.748047,0.763672,0.955078,0.509766,0.587891,0.0527344,0.587891,0.224609,0.912109,0.791016,0.904297,0.884766,0.744141,0.595703,
0.349609,0.779297,0.248047,0.876953,0.865234,0.380859,0.248047,0.263672,0.455078,0.00976562,0.0878906,0.552734,0.0878906,0.724609,0.412109,0.291016,0.404297,0.384766,0.244141,0.0957031,
0.474609,0.404297,0.873047,0.00195312,0.490234,0.255859,0.373047,0.138672,0.580078,0.634766,0.712891,0.427734,0.962891,0.599609,0.0371094,0.166016,0.529297,0.759766,0.119141,0.220703,
0.974609,0.904297,0.373047,0.501953,0.990234,0.755859,0.873047,0.638672,0.0800781,0.134766,0.212891,0.927734,0.462891,0.0996094,0.537109,0.666016,0.0292969,0.259766,0.619141,0.720703,
0.724609,0.154297,0.123047,0.251953,0.740234,0.00585938,0.623047,0.388672,0.830078,0.384766,0.962891,0.677734,0.712891,0.349609,0.287109,0.916016,0.279297,0.509766,0.869141,0.470703,
0.224609,0.654297,0.623047,0.751953,0.240234,0.505859,0.123047,0.888672,0.330078,0.884766,0.462891,0.177734,0.212891,0.849609,0.787109,0.416016,0.779297,0.00976562,0.369141,0.970703,
0.162109,0.341797,0.185547,0.564453,0.0527344,0.568359,0.435547,0.451172,0.517578,0.322266,0.400391,0.115234,0.275391,0.287109,0.599609,0.728516,0.0917969,0.697266,0.431641,0.0332031,
0.662109,0.841797,0.685547,0.0644531,0.552734,0.0683594,0.935547,0.951172,0.0175781,0.822266,0.900391,0.615234,0.775391,0.787109,0.0996094,0.228516,0.591797,0.197266,0.931641,0.533203,
0.912109,0.0917969,0.935547,0.814453,0.802734,0.818359,0.685547,0.201172,0.767578,0.572266,0.150391,0.865234,0.0253906,0.537109,0.849609,0.478516,0.841797,0.947266,0.681641,0.283203,
0.412109,0.591797,0.435547,0.314453,0.302734,0.318359,0.185547,0.701172,0.267578,0.0722656,0.650391,0.365234,0.525391,0.0371094,0.349609,0.978516,0.341797,0.447266,0.181641,0.783203,
0.287109,0.216797,0.560547,0.689453,0.927734,0.443359,0.310547,0.826172,0.642578,0.697266,0.0253906,0.740234,0.400391,0.162109,0.224609,0.603516,0.716797,0.822266,0.0566406,0.908203,
0.787109,0.716797,0.0605469,0.189453,0.427734,0.943359,0.810547,0.326172,0.142578,0.197266,0.525391,0.240234,0.900391,0.662109,0.724609,0.103516,0.216797,0.322266,0.556641,0.408203,
0.537109,0.466797,0.310547,0.939453,0.177734,0.193359,0.560547,0.576172,0.892578,0.447266,0.275391,0.490234,0.150391,0.912109,0.474609,0.353516,0.466797,0.572266,0.806641,0.658203,
0.0371094,0.966797,0.810547,0.439453,0.677734,0.693359,0.0605469,0.0761719,0.392578,0.947266,0.775391,0.990234,0.650391,0.412109,0.974609,0.853516,0.966797,0.0722656,0.306641,0.158203,
0.0527344,0.232422,0.232422,0.861328,0.380859,0.365234,0.701172,0.966797,0.908203,0.150391,0.541016,0.193359,0.322266,0.990234,0.490234,0.775391,0.888672,0.244141,0.822266,0.830078,
0.552734,0.732422,0.732422,0.361328,0.880859,0.865234,0.201172,0.466797,0.408203,0.650391,0.0410156,0.693359,0.822266,0.490234,0.990234,0.275391,0.388672,0.744141,0.322266,0.330078,
0.802734,0.482422,0.982422,0.611328,0.630859,0.115234,0.451172,0.716797,0.658203,0.900391,0.791016,0.943359,0.0722656,0.240234,0.240234,0.0253906,0.138672,0.494141,0.0722656,0.580078,
0.302734,0.982422,0.482422,0.111328,0.130859,0.615234,0.951172,0.216797,0.158203,0.400391,0.291016,0.443359,0.572266,0.740234,0.740234,0.525391,0.638672,0.994141,0.572266,0.0800781,
0.427734,0.357422,0.607422,0.986328,0.505859,0.740234,0.576172,0.341797,0.783203,0.775391,0.916016,0.568359,0.447266,0.615234,0.865234,0.900391,0.263672,0.369141,0.697266,0.205078,
0.927734,0.857422,0.107422,0.486328,0.00585938,0.240234,0.0761719,0.841797,0.283203,0.275391,0.416016,0.0683594,0.947266,0.115234,0.365234,0.400391,0.763672,0.869141,0.197266,0.705078,
0.677734,0.107422,0.357422,0.736328,0.255859,0.990234,0.326172,0.0917969,0.533203,0.0253906,0.666016,0.318359,0.197266,0.365234,0.615234,0.150391,0.513672,0.119141,0.447266,0.455078,
0.177734,0.607422,0.857422,0.236328,0.755859,0.490234,0.826172,0.591797,0.0332031,0.525391,0.166016,0.818359,0.697266,0.865234,0.115234,0.650391,0.0136719,0.619141,0.947266,0.955078,
0.240234,0.419922,0.419922,0.423828,0.943359,0.427734,0.638672,0.0292969,0.845703,0.212891,0.228516,0.880859,0.759766,0.302734,0.302734,0.462891,0.826172,0.181641,0.759766,0.0175781,
0.740234,0.919922,0.919922,0.923828,0.443359,0.927734,0.138672,0.529297,0.345703,0.712891,0.728516,0.380859,0.259766,0.802734,0.802734,0.962891,0.326172,0.681641,0.259766,0.517578,
0.990234,0.169922,0.669922,0.173828,0.193359,0.177734,0.388672,0.279297,0.595703,0.962891,0.478516,0.130859,0.509766,0.552734,0.0527344,0.712891,0.0761719,0.431641,0.00976562,0.267578,
0.490234,0.669922,0.169922,0.673828,0.693359,0.677734,0.888672,0.779297,0.0957031,0.462891,0.978516,0.630859,0.00976562,0.0527344,0.552734,0.212891,0.576172,0.931641,0.509766,0.767578,
0.365234,0.0449219,0.794922,0.298828,0.0683594,0.552734,0.513672,0.654297,0.970703,0.837891,0.353516,0.255859,0.884766,0.177734,0.927734,0.337891,0.451172,0.306641,0.634766,0.892578,
0.865234,0.544922,0.294922,0.798828,0.568359,0.0527344,0.0136719,0.154297,0.470703,0.337891,0.853516,0.755859,0.384766,0.677734,0.427734,0.837891,0.951172,0.806641,0.134766,0.392578,
0.615234,0.294922,0.0449219,0.0488281,0.818359,0.802734,0.263672,0.904297,0.720703,0.0878906,0.103516,0.505859,0.634766,0.927734,0.677734,0.587891,0.701172,0.0566406,0.384766,0.642578,
0.115234,0.794922,0.544922,0.548828,0.318359,0.302734,0.763672,0.404297,0.220703,0.587891,0.603516,0.00585938,0.134766,0.427734,0.177734,0.0878906,0.201172,0.556641,0.884766,0.142578,
0.0839844,0.263672,0.888672,0.705078,0.162109,0.0214844,0.232422,0.185547,0.126953,0.306641,0.884766,0.912109,0.541016,0.833984,0.708984,0.306641,0.982422,0.712891,0.541016,0.673828,
0.583984,0.763672,0.388672,0.205078,0.662109,0.521484,0.732422,0.685547,0.626953,0.806641,0.384766,0.412109,0.0410156,0.333984,0.208984,0.806641,0.482422,0.212891,0.0410156,0.173828,
0.833984,0.0136719,0.138672,0.955078,0.912109,0.271484,0.982422,0.435547,0.376953,0.556641,0.634766,0.162109,0.791016,0.0839844,0.958984,0.556641,0.232422,0.962891,0.291016,0.923828,
0.333984,0.513672,0.638672,0.455078,0.412109,0.771484,0.482422,0.935547,0.876953,0.0566406,0.134766,0.662109,0.291016,0.583984,0.458984,0.0566406,0.732422,0.462891,0.791016,0.423828,
0.458984,0.138672,0.263672,0.580078,0.787109,0.896484,0.107422,0.560547,0.00195312,0.681641,0.509766,0.287109,0.666016,0.708984,0.0839844,0.431641,0.357422,0.837891,0.916016,0.298828,
0.958984,0.638672,0.763672,0.0800781,0.287109,0.396484,0.607422,0.0605469,0.501953,0.181641,0.00976562,0.787109,0.166016,0.208984,0.583984,0.931641,0.857422,0.337891,0.416016,0.798828,
0.708984,0.388672,0.513672,0.830078,0.0371094,0.646484,0.857422,0.810547,0.251953,0.431641,0.759766,0.537109,0.916016,0.458984,0.333984,0.681641,0.607422,0.587891,0.166016,0.0488281,
0.208984,0.888672,0.0136719,0.330078,0.537109,0.146484,0.357422,0.310547,0.751953,0.931641,0.259766,0.0371094,0.416016,0.958984,0.833984,0.181641,0.107422,0.0878906,0.666016,0.548828,
0.146484,0.0761719,0.701172,0.0175781,0.724609,0.208984,0.169922,0.873047,0.0644531,0.369141,0.322266,0.224609,0.103516,0.396484,0.521484,0.994141,0.794922,0.650391,0.603516,0.486328,
0.646484,0.576172,0.201172,0.517578,0.224609,0.708984,0.669922,0.373047,0.564453,0.869141,0.822266,0.724609,0.603516,0.896484,0.0214844,0.494141,0.294922,0.150391,0.103516,0.986328,
0.896484,0.326172,0.451172,0.267578,0.474609,0.458984,0.919922,0.623047,0.314453,0.619141,0.0722656,0.974609,0.353516,0.646484,0.771484,0.244141,0.0449219,0.900391,0.353516,0.236328,
0.396484,0.826172,0.951172,0.767578,0.974609,0.958984,0.419922,0.123047,0.814453,0.119141,0.572266,0.474609,0.853516,0.146484,0.271484,0.744141,0.544922,0.400391,0.853516,0.736328,
0.271484,0.451172,0.0761719,0.142578,0.349609,0.833984,0.0449219,0.498047,0.189453,0.744141,0.197266,0.599609,0.228516,0.0214844,0.146484,0.869141,0.419922,0.775391,0.978516,0.611328,
0.771484,0.951172,0.576172,0.642578,0.849609,0.333984,0.544922,0.998047,0.689453,0.244141,0.697266,0.0996094,0.728516,0.521484,0.646484,0.369141,0.919922,0.275391,0.478516,0.111328,
0.521484,0.201172,0.826172,0.392578,0.599609,0.583984,0.794922,0.248047,0.439453,0.494141,0.447266,0.349609,0.478516,0.771484,0.396484,0.119141,0.669922,0.525391,0.228516,0.861328,
0.0214844,0.701172,0.326172,0.892578,0.0996094,0.0839844,0.294922,0.748047,0.939453,0.994141,0.947266,0.849609,0.978516,0.271484,0.896484,0.619141,0.169922,0.0253906,0.728516,0.361328,
0.0292969,0.0996094,0.833984,0.525391,0.888672,0.154297,0.568359,0.912109,0.259766,0.455078,0.0644531,0.529297,0.580078,0.529297,0.888672,0.830078,0.552734,0.783203,0.548828,0.275391,
0.529297,0.599609,0.333984,0.0253906,0.388672,0.654297,0.0683594,0.412109,0.759766,0.955078,0.564453,0.0292969,0.0800781,0.0292969,0.388672,0.330078,0.0527344,0.283203,0.0488281,0.775391,
0.779297,0.349609,0.0839844,0.775391,0.138672,0.404297,0.318359,0.662109,0.00976562,0.705078,0.314453,0.279297,0.830078,0.279297,0.638672,0.0800781,0.302734,0.533203,0.298828,0.0253906,
0.279297,0.849609,0.583984,0.275391,0.638672,0.904297,0.818359,0.162109,0.509766,0.205078,0.814453,0.779297,0.330078,0.779297,0.138672,0.580078,0.802734,0.0332031,0.798828,0.525391,
0.404297,0.474609,0.458984,0.650391,0.0136719,0.779297,0.693359,0.287109,0.384766,0.580078,0.439453,0.154297,0.705078,0.904297,0.263672,0.955078,0.177734,0.658203,0.923828,0.650391,
0.904297,0.974609,0.958984,0.150391,0.513672,0.279297,0.193359,0.787109,0.884766,0.0800781,0.939453,0.654297,0.205078,0.404297,0.763672,0.455078,0.677734,0.158203,0.423828,0.150391,
0.654297,0.224609,0.708984,0.900391,0.763672,0.529297,0.443359,0.0371094,0.134766,0.330078,0.189453,0.904297,0.955078,0.154297,0.0136719,0.205078,0.927734,0.908203,0.173828,0.900391,
0.154297,0.724609,0.208984,0.400391,0.263672,0.0292969,0.943359,0.537109,0.634766,0.830078,0.689453,0.404297,0.455078,0.654297,0.513672,0.705078,0.427734,0.408203,0.673828,0.400391,
0.216797,0.287109,0.521484,0.212891,0.451172,0.0917969,0.505859,0.0996094,0.447266,0.392578,0.626953,0.341797,0.0175781,0.216797,0.826172,0.392578,0.740234,0.845703,0.611328,0.587891,
0.716797,0.787109,0.0214844,0.712891,0.951172,0.591797,0.00585938,0.599609,0.947266,0.892578,0.126953,0.841797,0.517578,0.716797,0.326172,0.892578,0.240234,0.345703,0.111328,0.0878906,
0.966797,0.0371094,0.271484,0.462891,0.701172,0.341797,0.255859,0.349609,0.197266,0.642578,0.876953,0.591797,0.267578,0.966797,0.576172,0.642578,0.490234,0.595703,0.361328,0.837891,
0.466797,0.537109,0.771484,0.962891,0.201172,0.841797,0.755859,0.849609,0.697266,0.142578,0.376953,0.0917969,0.767578,0.466797,0.0761719,0.142578,0.990234,0.0957031,0.861328,0.337891,
0.341797,0.162109,0.146484,0.0878906,0.576172,0.966797,0.630859,0.724609,0.322266,0.517578,0.751953,0.966797,0.142578,0.341797,0.451172,0.267578,0.115234,0.720703,0.986328,0.462891,
0.841797,0.662109,0.646484,0.587891,0.0761719,0.466797,0.130859,0.224609,0.822266,0.0175781,0.251953,0.466797,0.642578,0.841797,0.951172,0.767578,0.615234,0.220703,0.486328,0.962891,
0.591797,0.412109,0.896484,0.337891,0.326172,0.716797,0.380859,0.974609,0.0722656,0.267578,0.501953,0.216797,0.392578,0.591797,0.201172,0.517578,0.865234,0.970703,0.236328,0.212891,
0.0917969,0.912109,0.396484,0.837891,0.826172,0.216797,0.880859,0.474609,0.572266,0.767578,0.00195312,0.716797,0.892578,0.0917969,0.701172,0.0175781,0.365234,0.470703,0.736328,0.712891,
0.123047,0.380859,0.0527344,0.931641,0.669922,0.498047,0.0996094,0.193359,0.541016,0.111328,0.470703,0.373047,0.298828,0.685547,0.169922,0.361328,0.583984,0.251953,0.830078,0.244141,
0.623047,0.880859,0.552734,0.431641,0.169922,0.998047,0.599609,0.693359,0.0410156,0.611328,0.970703,0.873047,0.798828,0.185547,0.669922,0.861328,0.0839844,0.751953,0.330078,0.744141,
0.873047,0.130859,0.802734,0.681641,0.419922,0.248047,0.849609,0.443359,0.791016,0.861328,0.220703,0.623047,0.0488281,0.435547,0.419922,0.611328,0.333984,0.00195312,0.0800781,0.494141,
0.373047,0.630859,0.302734,0.181641,0.919922,0.748047,0.349609,0.943359,0.291016,0.361328,0.720703,0.123047,0.548828,0.935547,0.919922,0.111328,0.833984,0.501953,0.580078,0.994141,
0.498047,0.00585938,0.677734,0.806641,0.294922,0.623047,0.224609,0.568359,0.666016,0.986328,0.0957031,0.998047,0.423828,0.810547,0.544922,0.486328,0.208984,0.126953,0.705078,0.869141,
0.998047,0.505859,0.177734,0.306641,0.794922,0.123047,0.724609,0.0683594,0.166016,0.486328,0.595703,0.498047,0.923828,0.310547,0.0449219,0.986328,0.708984,0.626953,0.205078,0.369141,
0.748047,0.255859,0.427734,0.556641,0.544922,0.873047,0.974609,0.818359,0.916016,0.236328,0.345703,0.248047,0.173828,0.0605469,0.794922,0.736328,0.958984,0.376953,0.455078,0.619141,
0.248047,0.755859,0.927734,0.0566406,0.0449219,0.373047,0.474609,0.318359,0.416016,0.736328,0.845703,0.748047,0.673828,0.560547,0.294922,0.236328,0.458984,0.876953,0.955078,0.119141,
0.185547,0.193359,0.365234,0.369141,0.232422,0.310547,0.0371094,0.755859,0.728516,0.0488281,0.783203,0.560547,0.861328,0.123047,0.107422,0.923828,0.646484,0.314453,0.767578,0.931641,
0.685547,0.693359,0.865234,0.869141,0.732422,0.810547,0.537109,0.255859,0.228516,0.548828,0.283203,0.0605469,0.361328,0.623047,0.607422,0.423828,0.146484,0.814453,0.267578,0.431641,
0.935547,0.443359,0.615234,0.119141,0.982422,0.0605469,0.787109,0.505859,0.978516,0.798828,0.533203,0.310547,0.611328,0.873047,0.357422,0.173828,0.396484,0.0644531,0.0175781,0.681641,
0.435547,0.943359,0.115234,0.619141,0.482422,0.560547,0.287109,0.00585938,0.478516,0.298828,0.0332031,0.810547,0.111328,0.373047,0.857422,0.673828,0.896484,0.564453,0.517578,0.181641,
0.310547,0.318359,0.990234,0.494141,0.857422,0.685547,0.162109,0.380859,0.603516,0.923828,0.658203,0.185547,0.986328,0.498047,0.732422,0.798828,0.0214844,0.189453,0.642578,0.0566406,
0.810547,0.818359,0.490234,0.994141,0.357422,0.185547,0.662109,0.880859,0.103516,0.423828,0.158203,0.685547,0.486328,0.998047,0.232422,0.298828,0.521484,0.689453,0.142578,0.556641,
0.560547,0.0683594,0.240234,0.244141,0.107422,0.935547,0.912109,0.130859,0.853516,0.173828,0.908203,0.935547,0.736328,0.748047,0.982422,0.0488281,0.771484,0.439453,0.392578,0.306641,
0.0605469,0.568359,0.740234,0.744141,0.607422,0.435547,0.412109,0.630859,0.353516,0.673828,0.408203,0.435547,0.236328,0.248047,0.482422,0.548828,0.271484,0.939453,0.892578,0.806641,
0.0449219,0.365234,0.287109,0.0722656,0.341797,0.513672,0.833984,0.271484,0.837891,0.470703,0.142578,0.638672,0.783203,0.669922,0.998047,0.564453,0.318359,0.861328,0.470703,0.197266,
0.544922,0.865234,0.787109,0.572266,0.841797,0.0136719,0.333984,0.771484,0.337891,0.970703,0.642578,0.138672,0.283203,0.169922,0.498047,0.0644531,0.818359,0.361328,0.970703,0.697266,
0.794922,0.115234,0.537109,0.322266,0.591797,0.763672,0.0839844,0.0214844,0.587891,0.720703,0.392578,0.388672,0.533203,0.419922,0.748047,0.314453,0.568359,0.611328,0.720703,0.447266,
0.294922,0.615234,0.0371094,0.822266,0.0917969,0.263672,0.583984,0.521484,0.0878906,0.220703,0.892578,0.888672,0.0332031,0.919922,0.248047,0.814453,0.0683594,0.111328,0.220703,0.947266,
0.419922,0.240234,0.912109,0.197266,0.716797,0.388672,0.958984,0.896484,0.962891,0.595703,0.267578,0.0136719,0.908203,0.794922,0.373047,0.689453,0.943359,0.736328,0.0957031,0.822266,
0.919922,0.740234,0.412109,0.697266,0.216797,0.888672,0.458984,0.396484,0.462891,0.0957031,0.767578,0.513672,0.408203,0.294922,0.873047,0.189453,0.443359,0.236328,0.595703,0.322266,
0.669922,0.490234,0.162109,0.447266,0.466797,0.138672,0.208984,0.646484,0.712891,0.345703,0.0175781,0.763672,0.658203,0.0449219,0.123047,0.439453,0.193359,0.986328,0.845703,0.572266,
0.169922,0.990234,0.662109,0.947266,0.966797,0.638672,0.708984,0.146484,0.212891,0.845703,0.517578,0.263672,0.158203,0.544922,0.623047,0.939453,0.693359,0.486328,0.345703,0.0722656,
0.232422,0.0527344,0.0996094,0.634766,0.779297,0.701172,0.771484,0.708984,0.900391,0.408203,0.580078,0.451172,0.345703,0.107422,0.810547,0.126953,0.380859,0.798828,0.408203,0.884766,
0.732422,0.552734,0.599609,0.134766,0.279297,0.201172,0.271484,0.208984,0.400391,0.908203,0.0800781,0.951172,0.845703,0.607422,0.310547,0.626953,0.880859,0.298828,0.908203,0.384766,
0.982422,0.302734,0.849609,0.884766,0.0292969,0.951172,0.0214844,0.958984,0.650391,0.658203,0.830078,0.701172,0.0957031,0.857422,0.560547,0.876953,0.630859,0.548828,0.658203,0.634766,
0.482422,0.802734,0.349609,0.384766,0.529297,0.451172,0.521484,0.458984,0.150391,0.158203,0.330078,0.201172,0.595703,0.357422,0.0605469,0.376953,0.130859,0.0488281,0.158203,0.134766,
0.357422,0.427734,0.724609,0.509766,0.154297,0.326172,0.896484,0.0839844,0.775391,0.533203,0.955078,0.826172,0.470703,0.482422,0.435547,0.00195312,0.755859,0.673828,0.0332031,0.00976562,
0.857422,0.927734,0.224609,0.00976562,0.654297,0.826172,0.396484,0.583984,0.275391,0.0332031,0.455078,0.326172,0.970703,0.982422,0.935547,0.501953,0.255859,0.173828,0.533203,0.509766,
0.607422,0.177734,0.474609,0.759766,0.904297,0.0761719,0.146484,0.333984,0.525391,0.283203,0.705078,0.0761719,0.220703,0.732422,0.185547,0.751953,0.00585938,0.923828,0.783203,0.259766,
0.107422,0.677734,0.974609,0.259766,0.404297,0.576172,0.646484,0.833984,0.0253906,0.783203,0.205078,0.576172,0.720703,0.232422,0.685547,0.251953,0.505859,0.423828,0.283203,0.759766,
0.0761719,0.146484,0.568359,0.478516,0.123047,0.857422,0.365234,0.615234,0.119141,0.0644531,0.298828,0.482422,0.0644531,0.513672,0.216797,0.0957031,0.287109,0.330078,0.126953,0.291016,
0.576172,0.646484,0.0683594,0.978516,0.623047,0.357422,0.865234,0.115234,0.619141,0.564453,0.798828,0.982422,0.564453,0.0136719,0.716797,0.595703,0.787109,0.830078,0.626953,0.791016,
0.826172,0.396484,0.318359,0.228516,0.873047,0.607422,0.615234,0.865234,0.369141,0.814453,0.0488281,0.732422,0.314453,0.263672,0.466797,0.845703,0.537109,0.0800781,0.876953,0.0410156,
0.326172,0.896484,0.818359,0.728516,0.373047,0.107422,0.115234,0.365234,0.869141,0.314453,0.548828,0.232422,0.814453,0.763672,0.966797,0.345703,0.0371094,0.580078,0.376953,0.541016,
0.451172,0.271484,0.193359,0.353516,0.998047,0.232422,0.490234,0.240234,0.244141,0.939453,0.173828,0.857422,0.189453,0.888672,0.591797,0.220703,0.912109,0.205078,0.251953,0.666016,
0.951172,0.771484,0.693359,0.853516,0.498047,0.732422,0.990234,0.740234,0.744141,0.439453,0.673828,0.357422,0.689453,0.388672,0.0917969,0.720703,0.412109,0.705078,0.751953,0.166016,
0.701172,0.0214844,0.943359,0.103516,0.248047,0.482422,0.740234,0.490234,0.494141,0.189453,0.423828,0.107422,0.439453,0.138672,0.841797,0.970703,0.162109,0.455078,0.501953,0.916016,
0.201172,0.521484,0.443359,0.603516,0.748047,0.982422,0.240234,0.990234,0.994141,0.689453,0.923828,0.607422,0.939453,0.638672,0.341797,0.470703,0.662109,0.955078,0.00195312,0.416016,
0.138672,0.458984,0.755859,0.791016,0.560547,0.919922,0.302734,0.427734,0.181641,0.00195312,0.986328,0.669922,0.501953,0.201172,0.0292969,0.658203,0.474609,0.267578,0.189453,0.603516,
0.638672,0.958984,0.255859,0.291016,0.0605469,0.419922,0.802734,0.927734,0.681641,0.501953,0.486328,0.169922,0.00195312,0.701172,0.529297,0.158203,0.974609,0.767578,0.689453,0.103516,
0.888672,0.208984,0.00585938,0.541016,0.310547,0.669922,0.552734,0.177734,0.431641,0.751953,0.736328,0.419922,0.751953,0.951172,0.279297,0.408203,0.724609,0.0175781,0.939453,0.853516,
0.388672,0.708984,0.505859,0.0410156,0.810547,0.169922,0.0527344,0.677734,0.931641,0.251953,0.236328,0.919922,0.251953,0.451172,0.779297,0.908203,0.224609,0.517578,0.439453,0.353516,
0.263672,0.0839844,0.380859,0.916016,0.435547,0.0449219,0.427734,0.802734,0.0566406,0.876953,0.611328,0.0449219,0.626953,0.326172,0.654297,0.533203,0.849609,0.142578,0.314453,0.478516,
0.763672,0.583984,0.880859,0.416016,0.935547,0.544922,0.927734,0.302734,0.556641,0.376953,0.111328,0.544922,0.126953,0.826172,0.154297,0.0332031,0.349609,0.642578,0.814453,0.978516,
0.513672,0.333984,0.630859,0.666016,0.685547,0.294922,0.677734,0.552734,0.306641,0.126953,0.861328,0.794922,0.876953,0.576172,0.904297,0.283203,0.0996094,0.392578,0.564453,0.228516,
0.0136719,0.833984,0.130859,0.166016,0.185547,0.794922,0.177734,0.0527344,0.806641,0.626953,0.361328,0.294922,0.376953,0.0761719,0.404297,0.783203,0.599609,0.892578,0.0644531,0.728516,
0.00976562,0.166016,0.431641,0.724609,0.634766,0.572266,0.501953,0.150391,0.779297,0.724609,0.185547,0.166016,0.451172,0.447266,0.634766,0.677734,0.400391,0.974609,0.857422,0.982422,
0.509766,0.666016,0.931641,0.224609,0.134766,0.0722656,0.00195312,0.650391,0.279297,0.224609,0.685547,0.666016,0.951172,0.947266,0.134766,0.177734,0.900391,0.474609,0.357422,0.482422,
0.759766,0.416016,0.681641,0.974609,0.384766,0.822266,0.251953,0.400391,0.529297,0.474609,0.435547,0.916016,0.201172,0.697266,0.884766,0.427734,0.650391,0.724609,0.107422,0.732422,
0.259766,0.916016,0.181641,0.474609,0.884766,0.322266,0.751953,0.900391,0.0292969,0.974609,0.935547,0.416016,0.701172,0.197266,0.384766,0.927734,0.150391,0.224609,0.607422,0.232422,
0.384766,0.291016,0.806641,0.599609,0.259766,0.447266,0.626953,0.525391,0.904297,0.349609,0.310547,0.541016,0.326172,0.0722656,0.00976562,0.552734,0.775391,0.599609,0.732422,0.107422,
0.884766,0.791016,0.306641,0.0996094,0.759766,0.947266,0.126953,0.0253906,0.404297,0.849609,0.810547,0.0410156,0.826172,0.572266,0.509766,0.0527344,0.275391,0.0996094,0.232422,0.607422,
0.634766,0.0410156,0.0566406,0.849609,0.509766,0.197266,0.376953,0.775391,0.654297,0.599609,0.0605469,0.291016,0.0761719,0.822266,0.259766,0.302734,0.0253906,0.849609,0.482422,0.357422,
0.134766,0.541016,0.556641,0.349609,0.00976562,0.697266,0.876953,0.275391,0.154297,0.0996094,0.560547,0.791016,0.576172,0.322266,0.759766,0.802734,0.525391,0.349609,0.982422,0.857422,
0.197266,0.478516,0.244141,0.0371094,0.197266,0.634766,0.564453,0.837891,0.966797,0.662109,0.623047,0.978516,0.888672,0.759766,0.572266,0.115234,0.337891,0.912109,0.794922,0.169922,
0.697266,0.978516,0.744141,0.537109,0.697266,0.134766,0.0644531,0.337891,0.466797,0.162109,0.123047,0.478516,0.388672,0.259766,0.0722656,0.615234,0.837891,0.412109,0.294922,0.669922,
0.947266,0.228516,0.994141,0.287109,0.947266,0.884766,0.314453,0.587891,0.716797,0.412109,0.873047,0.228516,0.638672,0.00976562,0.822266,0.865234,0.587891,0.662109,0.0449219,0.419922,
0.447266,0.728516,0.494141,0.787109,0.447266,0.384766,0.814453,0.0878906,0.216797,0.912109,0.373047,0.728516,0.138672,0.509766,0.322266,0.365234,0.0878906,0.162109,0.544922,0.919922,
0.322266,0.103516,0.619141,0.162109,0.822266,0.259766,0.689453,0.462891,0.841797,0.287109,0.998047,0.353516,0.763672,0.634766,0.197266,0.240234,0.962891,0.537109,0.669922,0.794922,
0.822266,0.603516,0.119141,0.662109,0.322266,0.759766,0.189453,0.962891,0.341797,0.787109,0.498047,0.853516,0.263672,0.134766,0.697266,0.740234,0.462891,0.0371094,0.169922,0.294922,
0.572266,0.353516,0.369141,0.412109,0.0722656,0.00976562,0.439453,0.212891,0.591797,0.537109,0.748047,0.603516,0.513672,0.384766,0.447266,0.990234,0.212891,0.787109,0.419922,0.544922,
0.0722656,0.853516,0.869141,0.912109,0.572266,0.509766,0.939453,0.712891,0.0917969,0.0371094,0.248047,0.103516,0.0136719,0.884766,0.947266,0.490234,0.712891,0.287109,0.919922,0.0449219,
0.103516,0.322266,0.712891,0.818359,0.916016,0.791016,0.0332031,0.994141,0.0605469,0.818359,0.279297,0.947266,0.669922,0.353516,0.416016,0.146484,0.494141,0.443359,0.513672,0.513672,
0.603516,0.822266,0.212891,0.318359,0.416016,0.291016,0.533203,0.494141,0.560547,0.318359,0.779297,0.447266,0.169922,0.853516,0.916016,0.646484,0.994141,0.943359,0.0136719,0.0136719,
0.853516,0.0722656,0.462891,0.568359,0.166016,0.541016,0.783203,0.744141,0.310547,0.0683594,0.0292969,0.197266,0.919922,0.603516,0.166016,0.896484,0.744141,0.193359,0.263672,0.763672,
0.353516,0.572266,0.962891,0.0683594,0.666016,0.0410156,0.283203,0.244141,0.810547,0.568359,0.529297,0.697266,0.419922,0.103516,0.666016,0.396484,0.244141,0.693359,0.763672,0.263672,
0.478516,0.197266,0.0878906,0.943359,0.0410156,0.166016,0.158203,0.369141,0.185547,0.193359,0.154297,0.322266,0.544922,0.228516,0.791016,0.0214844,0.869141,0.0683594,0.888672,0.388672,
0.978516,0.697266,0.587891,0.443359,0.541016,0.666016,0.658203,0.869141,0.685547,0.693359,0.654297,0.822266,0.0449219,0.728516,0.291016,0.521484,0.369141,0.568359,0.388672,0.888672,
0.728516,0.447266,0.837891,0.693359,0.791016,0.416016,0.908203,0.119141,0.435547,0.943359,0.404297,0.572266,0.794922,0.978516,0.541016,0.771484,0.119141,0.318359,0.138672,0.138672,
0.228516,0.947266,0.337891,0.193359,0.291016,0.916016,0.408203,0.619141,0.935547,0.443359,0.904297,0.0722656,0.294922,0.478516,0.0410156,0.271484,0.619141,0.818359,0.638672,0.638672,
0.166016,0.00976562,0.900391,0.380859,0.478516,0.978516,0.0957031,0.0566406,0.248047,0.755859,0.966797,0.134766,0.232422,0.916016,0.353516,0.583984,0.306641,0.380859,0.576172,0.326172,
0.666016,0.509766,0.400391,0.880859,0.978516,0.478516,0.595703,0.556641,0.748047,0.255859,0.466797,0.634766,0.732422,0.416016,0.853516,0.0839844,0.806641,0.880859,0.0761719,0.826172,
0.916016,0.259766,0.150391,0.130859,0.728516,0.728516,0.845703,0.306641,0.498047,0.00585938,0.716797,0.884766,0.482422,0.166016,0.103516,0.333984,0.556641,0.130859,0.326172,0.0761719,
0.416016,0.759766,0.650391,0.630859,0.228516,0.228516,0.345703,0.806641,0.998047,0.505859,0.216797,0.384766,0.982422,0.666016,0.603516,0.833984,0.0566406,0.630859,0.826172,0.576172,
0.291016,0.384766,0.275391,0.255859,0.603516,0.103516,0.220703,0.681641,0.123047,0.130859,0.591797,0.509766,0.107422,0.541016,0.978516,0.708984,0.931641,0.00585938,0.951172,0.701172,
0.791016,0.884766,0.775391,0.755859,0.103516,0.603516,0.720703,0.181641,0.623047,0.630859,0.0917969,0.00976562,0.607422,0.0410156,0.478516,0.208984,0.431641,0.505859,0.451172,0.201172,
0.541016,0.134766,0.525391,0.00585938,0.353516,0.353516,0.970703,0.931641,0.373047,0.880859,0.841797,0.259766,0.357422,0.291016,0.728516,0.458984,0.181641,0.255859,0.201172,0.951172,
0.0410156,0.634766,0.0253906,0.505859,0.853516,0.853516,0.470703,0.431641,0.873047,0.380859,0.341797,0.759766,0.857422,0.791016,0.228516,0.958984,0.681641,0.755859,0.701172,0.451172,
0.0566406,0.431641,0.947266,0.177734,0.0878906,0.212891,0.767578,0.541016,0.326172,0.708984,0.107422,0.0566406,0.185547,0.369141,0.744141,0.912109,0.728516,0.927734,0.185547,0.560547,
0.556641,0.931641,0.447266,0.677734,0.587891,0.712891,0.267578,0.0410156,0.826172,0.208984,0.607422,0.556641,0.685547,0.869141,0.244141,0.412109,0.228516,0.427734,0.685547,0.0605469,
0.806641,0.181641,0.197266,0.427734,0.837891,0.462891,0.0175781,0.791016,0.0761719,0.458984,0.357422,0.806641,0.435547,0.619141,0.994141,0.162109,0.478516,0.677734,0.935547,0.810547,
0.306641,0.681641,0.697266,0.927734,0.337891,0.962891,0.517578,0.291016,0.576172,0.958984,0.857422,0.306641,0.935547,0.119141,0.494141,0.662109,0.978516,0.177734,0.435547,0.310547,
0.431641,0.0566406,0.322266,0.0527344,0.962891,0.837891,0.892578,0.166016,0.451172,0.333984,0.482422,0.681641,0.0605469,0.244141,0.119141,0.787109,0.103516,0.552734,0.310547,0.435547,
0.931641,0.556641,0.822266,0.552734,0.462891,0.337891,0.392578,0.666016,0.951172,0.833984,0.982422,0.181641,0.560547,0.744141,0.619141,0.287109,0.603516,0.0527344,0.810547,0.935547,
0.681641,0.306641,0.572266,0.302734,0.212891,0.587891,0.142578,0.416016,0.201172,0.583984,0.232422,0.431641,0.310547,0.994141,0.369141,0.0371094,0.853516,0.802734,0.560547,0.185547,
0.181641,0.806641,0.0722656,0.802734,0.712891,0.0878906,0.642578,0.916016,0.701172,0.0839844,0.732422,0.931641,0.810547,0.494141,0.869141,0.537109,0.353516,0.302734,0.0605469,0.685547,
0.244141,0.244141,0.634766,0.615234,0.525391,0.0253906,0.830078,0.478516,0.388672,0.646484,0.669922,0.869141,0.748047,0.931641,0.556641,0.349609,0.541016,0.990234,0.248047,0.373047,
0.744141,0.744141,0.134766,0.115234,0.0253906,0.525391,0.330078,0.978516,0.888672,0.146484,0.169922,0.369141,0.248047,0.431641,0.0566406,0.849609,0.0410156,0.490234,0.748047,0.873047,
0.994141,0.494141,0.384766,0.865234,0.275391,0.275391,0.0800781,0.228516,0.138672,0.396484,0.919922,0.119141,0.998047,0.181641,0.806641,0.599609,0.291016,0.740234,0.998047,0.123047,
0.494141,0.994141,0.884766,0.365234,0.775391,0.775391,0.580078,0.728516,0.638672,0.896484,0.419922,0.619141,0.498047,0.681641,0.306641,0.0996094,0.791016,0.240234,0.498047,0.623047,
0.369141,0.369141,0.00976562,0.740234,0.400391,0.900391,0.955078,0.853516,0.263672,0.271484,0.794922,0.494141,0.623047,0.556641,0.181641,0.474609,0.166016,0.615234,0.373047,0.748047,
0.869141,0.869141,0.509766,0.240234,0.900391,0.400391,0.455078,0.353516,0.763672,0.771484,0.294922,0.994141,0.123047,0.0566406,0.681641,0.974609,0.666016,0.115234,0.873047,0.248047,
0.619141,0.119141,0.759766,0.990234,0.650391,0.650391,0.205078,0.603516,0.0136719,0.521484,0.544922,0.744141,0.873047,0.306641,0.431641,0.724609,0.916016,0.865234,0.623047,0.998047,
0.119141,0.619141,0.259766,0.490234,0.150391,0.150391,0.705078,0.103516,0.513672,0.0214844,0.0449219,0.244141,0.373047,0.806641,0.931641,0.224609,0.416016,0.365234,0.123047,0.498047,
0.0878906,0.0878906,0.166016,0.271484,0.369141,0.431641,0.298828,0.322266,0.607422,0.865234,0.451172,0.837891,0.966797,0.462891,0.462891,0.380859,0.634766,0.396484,0.466797,0.966797,
0.587891,0.587891,0.666016,0.771484,0.869141,0.931641,0.798828,0.822266,0.107422,0.365234,0.951172,0.337891,0.466797,0.962891,0.962891,0.880859,0.134766,0.896484,0.966797,0.466797,
0.837891,0.337891,0.916016,0.0214844,0.619141,0.181641,0.548828,0.0722656,0.857422,0.115234,0.201172,0.0878906,0.716797,0.712891,0.212891,0.630859,0.384766,0.146484,0.716797,0.716797,
0.337891,0.837891,0.416016,0.521484,0.119141,0.681641,0.0488281,0.572266,0.357422,0.615234,0.701172,0.587891,0.216797,0.212891,0.712891,0.130859,0.884766,0.646484,0.216797,0.216797,
0.462891,0.462891,0.541016,0.396484,0.744141,0.556641,0.423828,0.947266,0.732422,0.240234,0.0761719,0.462891,0.841797,0.0878906,0.837891,0.255859,0.00976562,0.0214844,0.0917969,0.0917969,
0.962891,0.962891,0.0410156,0.896484,0.244141,0.0566406,0.923828,0.447266,0.232422,0.740234,0.576172,0.962891,0.341797,0.587891,0.337891,0.755859,0.509766,0.521484,0.591797,0.591797,
0.712891,0.212891,0.291016,0.146484,0.494141,0.806641,0.673828,0.697266,0.982422,0.990234,0.326172,0.712891,0.591797,0.837891,0.587891,0.505859,0.759766,0.271484,0.841797,0.341797,
0.212891,0.712891,0.791016,0.646484,0.994141,0.306641,0.173828,0.197266,0.482422,0.490234,0.826172,0.212891,0.0917969,0.337891,0.0878906,0.00585938,0.259766,0.771484,0.341797,0.841797,
0.150391,0.275391,0.478516,0.958984,0.806641,0.369141,0.361328,0.634766,0.669922,0.802734,0.763672,0.0253906,0.404297,0.775391,0.275391,0.818359,0.572266,0.458984,0.404297,0.154297,
0.650391,0.775391,0.978516,0.458984,0.306641,0.869141,0.861328,0.134766,0.169922,0.302734,0.263672,0.525391,0.904297,0.275391,0.775391,0.318359,0.0722656,0.958984,0.904297,0.654297,
0.900391,0.0253906,0.728516,0.708984,0.0566406,0.119141,0.611328,0.884766,0.919922,0.0527344,0.513672,0.775391,0.154297,0.0253906,0.0253906,0.0683594,0.322266,0.208984,0.654297,0.404297,
0.400391,0.525391,0.228516,0.208984,0.556641,0.619141,0.111328,0.384766,0.419922,0.552734,0.0136719,0.275391,0.654297,0.525391,0.525391,0.568359,0.822266,0.708984,0.154297,0.904297,
0.275391,0.150391,0.853516,0.833984,0.181641,0.744141,0.486328,0.00976562,0.544922,0.177734,0.638672,0.650391,0.279297,0.650391,0.900391,0.943359,0.197266,0.0839844,0.0292969,0.779297,
0.775391,0.650391,0.353516,0.333984,0.681641,0.244141,0.986328,0.509766,0.0449219,0.677734,0.138672,0.150391,0.779297,0.150391,0.400391,0.443359,0.697266,0.583984,0.529297,0.279297,
0.525391,0.400391,0.103516,0.583984,0.931641,0.994141,0.736328,0.259766,0.794922,0.927734,0.888672,0.400391,0.0292969,0.400391,0.650391,0.193359,0.947266,0.333984,0.779297,0.529297,
0.0253906,0.900391,0.603516,0.0839844,0.431641,0.494141,0.236328,0.759766,0.294922,0.427734,0.388672,0.900391,0.529297,0.900391,0.150391,0.693359,0.447266,0.833984,0.279297,0.0292969,
0.0175781,0.298828,0.111328,0.466797,0.580078,0.298828,0.900391,0.580078,0.974609,0.904297,0.505859,0.720703,0.912109,0.142578,0.126953,0.982422,0.830078,0.107422,0.443359,0.115234,
0.517578,0.798828,0.611328,0.966797,0.0800781,0.798828,0.400391,0.0800781,0.474609,0.404297,0.00585938,0.220703,0.412109,0.642578,0.626953,0.482422,0.330078,0.607422,0.943359,0.615234,
0.767578,0.0488281,0.861328,0.216797,0.330078,0.0488281,0.150391,0.830078,0.724609,0.154297,0.755859,0.470703,0.662109,0.892578,0.376953,0.232422,0.0800781,0.357422,0.693359,0.365234,
0.267578,0.548828,0.361328,0.716797,0.830078,0.548828,0.650391,0.330078,0.224609,0.654297,0.255859,0.970703,0.162109,0.392578,0.876953,0.732422,0.580078,0.857422,0.193359,0.865234,
0.392578,0.173828,0.736328,0.341797,0.455078,0.673828,0.775391,0.205078,0.849609,0.0292969,0.880859,0.0957031,0.787109,0.267578,0.501953,0.857422,0.455078,0.482422,0.0683594,0.990234,
0.892578,0.673828,0.236328,0.841797,0.955078,0.173828,0.275391,0.705078,0.349609,0.529297,0.380859,0.595703,0.287109,0.767578,0.00195312,0.357422,0.955078,0.982422,0.568359,0.490234,
0.642578,0.423828,0.486328,0.0917969,0.705078,0.923828,0.0253906,0.455078,0.599609,0.779297,0.630859,0.845703,0.537109,0.517578,0.751953,0.107422,0.705078,0.232422,0.818359,0.740234,
0.142578,0.923828,0.986328,0.591797,0.205078,0.423828,0.525391,0.955078,0.0996094,0.279297,0.130859,0.345703,0.0371094,0.0175781,0.251953,0.607422,0.205078,0.732422,0.318359,0.240234,
0.205078,0.111328,0.298828,0.779297,0.0175781,0.486328,0.962891,0.392578,0.787109,0.966797,0.193359,0.408203,0.474609,0.580078,0.0644531,0.294922,0.892578,0.0449219,0.380859,0.802734,
0.705078,0.611328,0.798828,0.279297,0.517578,0.986328,0.462891,0.892578,0.287109,0.466797,0.693359,0.908203,0.974609,0.0800781,0.564453,0.794922,0.392578,0.544922,0.880859,0.302734,
0.955078,0.361328,0.548828,0.529297,0.767578,0.236328,0.212891,0.142578,0.537109,0.216797,0.443359,0.658203,0.224609,0.330078,0.314453,0.544922,0.142578,0.294922,0.630859,0.552734,
0.455078,0.861328,0.0488281,0.0292969,0.267578,0.736328,0.712891,0.642578,0.0371094,0.716797,0.943359,0.158203,0.724609,0.830078,0.814453,0.0449219,0.642578,0.794922,0.130859,0.0527344,
0.330078,0.486328,0.923828,0.904297,0.892578,0.611328,0.837891,0.767578,0.912109,0.0917969,0.318359,0.783203,0.349609,0.955078,0.689453,0.419922,0.267578,0.419922,0.00585938,0.177734,
0.830078,0.986328,0.423828,0.404297,0.392578,0.111328,0.337891,0.267578,0.412109,0.591797,0.818359,0.283203,0.849609,0.455078,0.189453,0.919922,0.767578,0.919922,0.505859,0.677734,
0.580078,0.236328,0.173828,0.654297,0.142578,0.861328,0.0878906,0.517578,0.662109,0.841797,0.0683594,0.0332031,0.0996094,0.205078,0.939453,0.669922,0.517578,0.169922,0.755859,0.427734,
0.0800781,0.736328,0.673828,0.154297,0.642578,0.361328,0.587891,0.0175781,0.162109,0.341797,0.568359,0.533203,0.599609,0.705078,0.439453,0.169922,0.0175781,0.669922,0.255859,0.927734,
0.111328,0.205078,0.767578,0.123047,0.861328,0.0800781,0.431641,0.298828,0.193359,0.560547,0.912109,0.376953,0.193359,0.0488281,0.908203,0.451172,0.798828,0.576172,0.162109,0.396484,
0.611328,0.705078,0.267578,0.623047,0.361328,0.580078,0.931641,0.798828,0.693359,0.0605469,0.412109,0.876953,0.693359,0.548828,0.408203,0.951172,0.298828,0.0761719,0.662109,0.896484,
0.861328,0.455078,0.0175781,0.373047,0.111328,0.330078,0.681641,0.0488281,0.443359,0.310547,0.662109,0.626953,0.443359,0.798828,0.658203,0.701172,0.0488281,0.826172,0.912109,0.146484,
0.361328,0.955078,0.517578,0.873047,0.611328,0.830078,0.181641,0.548828,0.943359,0.810547,0.162109,0.126953,0.943359,0.298828,0.158203,0.201172,0.548828,0.326172,0.412109,0.646484,
0.486328,0.330078,0.392578,0.248047,0.236328,0.955078,0.306641,0.923828,0.0683594,0.435547,0.537109,0.751953,0.0683594,0.423828,0.283203,0.326172,0.423828,0.951172,0.287109,0.521484,
0.986328,0.830078,0.892578,0.748047,0.736328,0.455078,0.806641,0.423828,0.568359,0.935547,0.0371094,0.251953,0.568359,0.923828,0.783203,0.826172,0.923828,0.451172,0.787109,0.0214844,
0.736328,0.0800781,0.642578,0.498047,0.986328,0.705078,0.556641,0.673828,0.318359,0.685547,0.787109,0.00195312,0.318359,0.673828,0.0332031,0.576172,0.673828,0.701172,0.537109,0.771484,
0.236328,0.580078,0.142578,0.998047,0.486328,0.205078,0.0566406,0.173828,0.818359,0.185547,0.287109,0.501953,0.818359,0.173828,0.533203,0.0761719,0.173828,0.201172,0.0371094,0.271484,
0.173828,0.392578,0.580078,0.685547,0.298828,0.142578,0.494141,0.736328,0.00585938,0.623047,0.349609,0.689453,0.630859,0.736328,0.845703,0.763672,0.986328,0.513672,0.224609,0.708984,
0.673828,0.892578,0.0800781,0.185547,0.798828,0.642578,0.994141,0.236328,0.505859,0.123047,0.849609,0.189453,0.130859,0.236328,0.345703,0.263672,0.486328,0.0136719,0.724609,0.208984,
0.923828,0.142578,0.330078,0.935547,0.548828,0.392578,0.744141,0.986328,0.255859,0.373047,0.0996094,0.439453,0.880859,0.486328,0.595703,0.0136719,0.236328,0.763672,0.974609,0.958984,
0.423828,0.642578,0.830078,0.435547,0.0488281,0.892578,0.244141,0.486328,0.755859,0.873047,0.599609,0.939453,0.380859,0.986328,0.0957031,0.513672,0.736328,0.263672,0.474609,0.458984,
0.298828,0.0175781,0.205078,0.560547,0.673828,0.767578,0.369141,0.111328,0.130859,0.498047,0.224609,0.0644531,0.505859,0.861328,0.470703,0.888672,0.361328,0.888672,0.349609,0.333984,
0.798828,0.517578,0.705078,0.0605469,0.173828,0.267578,0.869141,0.611328,0.630859,0.998047,0.724609,0.564453,0.00585938,0.361328,0.970703,0.388672,0.861328,0.388672,0.849609,0.833984,
0.548828,0.267578,0.955078,0.810547,0.423828,0.517578,0.619141,0.361328,0.380859,0.748047,0.474609,0.814453,0.755859,0.111328,0.220703,0.138672,0.611328,0.638672,0.599609,0.0839844,
0.0488281,0.767578,0.455078,0.310547,0.923828,0.0175781,0.119141,0.861328,0.880859,0.248047,0.974609,0.314453,0.255859,0.611328,0.720703,0.638672,0.111328,0.138672,0.0996094,0.583984,
0.0332031,0.0332031,0.501953,0.888672,0.126953,0.908203,0.634766,0.220703,0.427734,0.919922,0.708984,0.611328,0.708984,0.0332031,0.236328,0.748047,0.0332031,0.0605469,0.521484,0.412109,
0.533203,0.533203,0.00195312,0.388672,0.626953,0.408203,0.134766,0.720703,0.927734,0.419922,0.208984,0.111328,0.208984,0.533203,0.736328,0.248047,0.533203,0.560547,0.0214844,0.912109,
0.783203,0.283203,0.251953,0.638672,0.876953,0.658203,0.384766,0.470703,0.177734,0.169922,0.958984,0.361328,0.958984,0.783203,0.486328,0.498047,0.783203,0.310547,0.271484,0.162109,
0.283203,0.783203,0.751953,0.138672,0.376953,0.158203,0.884766,0.970703,0.677734,0.669922,0.458984,0.861328,0.458984,0.283203,0.986328,0.998047,0.283203,0.810547,0.771484,0.662109,
0.408203,0.408203,0.126953,0.763672,0.751953,0.0332031,0.509766,0.595703,0.302734,0.0449219,0.833984,0.236328,0.583984,0.408203,0.611328,0.623047,0.658203,0.435547,0.896484,0.537109,
0.908203,0.908203,0.626953,0.263672,0.251953,0.533203,0.00976562,0.0957031,0.802734,0.544922,0.333984,0.736328,0.0839844,0.908203,0.111328,0.123047,0.158203,0.935547,0.396484,0.0371094,
0.658203,0.158203,0.876953,0.513672,0.00195312,0.283203,0.259766,0.845703,0.0527344,0.794922,0.583984,0.986328,0.833984,0.658203,0.861328,0.373047,0.408203,0.185547,0.146484,0.787109,
0.158203,0.658203,0.376953,0.0136719,0.501953,0.783203,0.759766,0.345703,0.552734,0.294922,0.0839844,0.486328,0.333984,0.158203,0.361328,0.873047,0.908203,0.685547,0.646484,0.287109,
0.220703,0.345703,0.814453,0.326172,0.689453,0.845703,0.697266,0.783203,0.365234,0.982422,0.0214844,0.298828,0.146484,0.720703,0.0488281,0.0605469,0.220703,0.123047,0.583984,0.724609,
0.720703,0.845703,0.314453,0.826172,0.189453,0.345703,0.197266,0.283203,0.865234,0.482422,0.521484,0.798828,0.646484,0.220703,0.548828,0.560547,0.720703,0.623047,0.0839844,0.224609,
0.970703,0.0957031,0.0644531,0.0761719,0.439453,0.595703,0.447266,0.533203,0.115234,0.232422,0.271484,0.548828,0.396484,0.470703,0.298828,0.810547,0.970703,0.373047,0.333984,0.974609,
0.470703,0.595703,0.564453,0.576172,0.939453,0.0957031,0.947266,0.0332031,0.615234,0.732422,0.771484,0.0488281,0.896484,0.970703,0.798828,0.310547,0.470703,0.873047,0.833984,0.474609,
0.345703,0.220703,0.439453,0.451172,0.314453,0.220703,0.572266,0.408203,0.490234,0.107422,0.396484,0.923828,0.0214844,0.845703,0.673828,0.185547,0.595703,0.498047,0.958984,0.349609,
0.845703,0.720703,0.939453,0.951172,0.814453,0.720703,0.0722656,0.908203,0.990234,0.607422,0.896484,0.423828,0.521484,0.345703,0.173828,0.685547,0.0957031,0.998047,0.458984,0.849609,
0.595703,0.470703,0.689453,0.201172,0.564453,0.470703,0.322266,0.158203,0.240234,0.857422,0.146484,0.173828,0.271484,0.0957031,0.923828,0.935547,0.345703,0.248047,0.208984,0.0996094,
0.0957031,0.970703,0.189453,0.701172,0.0644531,0.970703,0.822266,0.658203,0.740234,0.357422,0.646484,0.673828,0.771484,0.595703,0.423828,0.435547,0.845703,0.748047,0.708984,0.599609,
0.0644531,0.439453,0.345703,0.544922,0.408203,0.689453,0.166016,0.876953,0.646484,0.513672,0.865234,0.267578,0.427734,0.126953,0.955078,0.216797,0.0644531,0.529297,0.865234,0.0683594,
0.564453,0.939453,0.845703,0.0449219,0.908203,0.189453,0.666016,0.376953,0.146484,0.0136719,0.365234,0.767578,0.927734,0.626953,0.455078,0.716797,0.564453,0.0292969,0.365234,0.568359,
0.814453,0.189453,0.595703,0.794922,0.658203,0.939453,0.916016,0.626953,0.896484,0.263672,0.615234,0.517578,0.177734,0.876953,0.705078,0.966797,0.814453,0.779297,0.115234,0.318359,
0.314453,0.689453,0.0957031,0.294922,0.158203,0.439453,0.416016,0.126953,0.396484,0.763672,0.115234,0.0175781,0.677734,0.376953,0.205078,0.466797,0.314453,0.279297,0.615234,0.818359,
0.439453,0.0644531,0.970703,0.669922,0.533203,0.314453,0.0410156,0.251953,0.521484,0.388672,0.740234,0.892578,0.302734,0.251953,0.330078,0.0917969,0.689453,0.904297,0.740234,0.943359,
0.939453,0.564453,0.470703,0.169922,0.0332031,0.814453,0.541016,0.751953,0.0214844,0.888672,0.240234,0.392578,0.802734,0.751953,0.830078,0.591797,0.189453,0.404297,0.240234,0.443359,
0.689453,0.314453,0.220703,0.919922,0.283203,0.0644531,0.791016,0.00195312,0.771484,0.638672,0.990234,0.142578,0.0527344,0.501953,0.0800781,0.841797,0.439453,0.654297,0.490234,0.693359,
0.189453,0.814453,0.720703,0.419922,0.783203,0.564453,0.291016,0.501953,0.271484,0.138672,0.490234,0.642578,0.552734,0.00195312,0.580078,0.341797,0.939453,0.154297,0.990234,0.193359,
0.126953,0.126953,0.0332031,0.232422,0.970703,0.501953,0.228516,0.0644531,0.583984,0.576172,0.427734,0.580078,0.990234,0.564453,0.767578,0.529297,0.126953,0.591797,0.802734,0.755859,
0.626953,0.626953,0.533203,0.732422,0.470703,0.00195312,0.728516,0.564453,0.0839844,0.0761719,0.927734,0.0800781,0.490234,0.0644531,0.267578,0.0292969,0.626953,0.0917969,0.302734,0.255859,
0.876953,0.376953,0.783203,0.482422,0.220703,0.751953,0.978516,0.314453,0.833984,0.326172,0.177734,0.330078,0.740234,0.314453,0.517578,0.279297,0.876953,0.841797,0.0527344,0.505859,
0.376953,0.876953,0.283203,0.982422,0.720703,0.251953,0.478516,0.814453,0.333984,0.826172,0.677734,0.830078,0.240234,0.814453,0.0175781,0.779297,0.376953,0.341797,0.552734,0.00585938,
0.251953,0.251953,0.658203,0.107422,0.0957031,0.376953,0.103516,0.689453,0.708984,0.451172,0.0527344,0.205078,0.865234,0.939453,0.392578,0.654297,0.501953,0.966797,0.677734,0.130859,
0.751953,0.751953,0.158203,0.607422,0.595703,0.876953,0.603516,0.189453,0.208984,0.951172,0.552734,0.705078,0.365234,0.439453,0.892578,0.154297,0.00195312,0.466797,0.177734,0.630859,
0.501953,0.00195312,0.408203,0.357422,0.845703,0.126953,0.853516,0.939453,0.958984,0.701172,0.302734,0.955078,0.615234,0.189453,0.142578,0.404297,0.251953,0.716797,0.427734,0.380859,
0.00195312,0.501953,0.908203,0.857422,0.345703,0.626953,0.353516,0.439453,0.458984,0.201172,0.802734,0.455078,0.115234,0.689453,0.642578,0.904297,0.751953,0.216797,0.927734,0.880859,
0.00292969,0.250977,0.362305,0.151367,0.895508,0.438477,0.717773,0.424805,0.616211,0.665039,0.916992,0.489258,0.639648,0.604492,0.317383,0.264648,0.379883,0.651367,0.577148,0.194336,
